     0/299     1.11G   0.04845  0.008107   0.01624    0.0728         0       640    0.6977    0.1658    0.1459   0.07416   0.09622  0.006995   0.02639
     1/299     3.88G   0.03574  0.005441  0.009513   0.05069         1       640    0.6441    0.3577    0.3962    0.1932   0.09039  0.006518    0.0252
     2/299     5.01G   0.03223  0.004653  0.006591   0.04348         1       640    0.4416    0.5712    0.4982    0.2698   0.09118  0.005714   0.03316
     3/299     5.01G    0.0287  0.004475  0.005835   0.03901         2       640    0.4798     0.509    0.5529     0.336   0.08412  0.006053   0.02739
     4/299     5.01G   0.02548  0.004036  0.004472   0.03399         1       640    0.6504    0.6866    0.6944    0.4391    0.0823   0.00571   0.02679
     5/299     5.01G   0.02375  0.004026    0.0044   0.03218         4       640      0.79    0.5041    0.6587    0.4369   0.07734  0.006138   0.02918
     6/299     5.01G    0.0241  0.003764  0.003889   0.03175         4       640    0.6945    0.7245    0.7821    0.5412   0.06698  0.007852   0.02186
     7/299     5.01G   0.02377  0.003725  0.003593   0.03109         0       640    0.6986    0.6918    0.7649     0.477   0.07213  0.006874   0.01975
     8/299     5.01G   0.02333  0.003825  0.003749    0.0309         2       640    0.7579    0.7474    0.8134    0.5817   0.07039  0.006874    0.0158
     9/299     5.01G   0.02287  0.003663  0.003269    0.0298         1       640    0.7642    0.7816    0.8284    0.5973   0.07772  0.005916   0.02386
    10/299     5.01G     0.023   0.00376  0.003464   0.03022         4       640    0.8117    0.7563    0.8358     0.598   0.07175   0.00605   0.01357
    11/299     5.01G    0.0232  0.003779  0.003248   0.03023         1       640    0.7572     0.807    0.8406    0.6062   0.06783  0.006742    0.0117
    12/299     5.01G   0.02267  0.003597  0.003149   0.02942         0       640    0.7252      0.83    0.8566    0.6338   0.06448  0.006502   0.01163
    13/299     5.01G   0.02369  0.003737  0.003173    0.0306         3       640    0.8682    0.7437    0.8504    0.6296   0.06667  0.006487   0.01798
    14/299     5.01G   0.02237  0.003532  0.002864   0.02877         1       640    0.7961     0.791    0.8459    0.6233   0.06207  0.007371   0.01301
    15/299     5.01G   0.02242  0.003534  0.002833   0.02878         1       640    0.7975    0.8026    0.8566    0.6287   0.06681  0.006369   0.01447
    16/299     5.01G   0.02268  0.003475  0.002324   0.02848         3       640    0.7894    0.8349    0.8692    0.6432   0.06432  0.006521   0.01155
    17/299     5.01G   0.02244   0.00346  0.002644   0.02854         1       640    0.8321    0.7875    0.8641    0.6412   0.05891  0.006898   0.01009
    18/299     5.01G   0.02303  0.003576  0.002462   0.02907         0       640    0.8312    0.7824    0.8788    0.6178   0.05893  0.007247  0.008031
    19/299     5.01G   0.02228  0.003394  0.002135    0.0278         1       640      0.86    0.7833    0.8733    0.6558   0.05493  0.007854  0.009348
    20/299     5.01G     0.023  0.003475  0.002243   0.02872         1       640    0.8924    0.8391     0.901    0.6825   0.05518  0.007596  0.007554
    21/299     5.01G   0.02289  0.003576  0.002547   0.02902         1       640    0.8424     0.815    0.8887    0.6561   0.05249  0.008089  0.009554
    22/299     5.01G   0.02246  0.003397  0.002182   0.02804         2       640    0.8558    0.8196    0.8918    0.6737   0.05086   0.00781  0.008705
    23/299     5.01G   0.02205  0.003319  0.002181   0.02755         2       640    0.8753    0.8426    0.8952    0.6834    0.0524  0.007542  0.009262
    24/299     5.01G   0.02204  0.003342  0.001814   0.02719         3       640    0.8637    0.7994     0.886    0.6771   0.04853  0.008251  0.008571
    25/299     5.01G   0.02209  0.003412  0.002171   0.02767         4       640    0.7319    0.8168    0.8719    0.6515   0.05058   0.00812  0.009005
    26/299     5.01G   0.02243  0.003447  0.002063   0.02794         3       640    0.8635    0.8319    0.8902    0.6786   0.04883  0.007842  0.007381
    27/299     5.01G   0.02172  0.003375  0.002121   0.02721         1       640     0.831    0.8585    0.9113    0.6865   0.04833  0.007929  0.007294
    28/299     5.01G   0.02201  0.003299  0.002034   0.02735         4       640    0.9192     0.806       0.9    0.6623   0.04716  0.008154  0.006615
    29/299     5.01G   0.02168  0.003266  0.002014   0.02696         2       640    0.9075    0.8353    0.9104    0.6827   0.04639  0.008311  0.006308
    30/299     5.01G   0.02179  0.003262  0.001856   0.02691         1       640    0.8949    0.8484    0.9153    0.6977   0.04683  0.007715  0.006451
    31/299     5.01G   0.02168   0.00328  0.001929   0.02689         2       640    0.9087    0.8199    0.9157    0.6923    0.0462   0.00796  0.007549
    32/299     5.01G   0.02126   0.00316   0.00161   0.02603         2       640    0.8747    0.8725    0.9202    0.7092   0.04582  0.007847  0.006405
    33/299     5.01G   0.02124  0.003208  0.001543   0.02599         1       640    0.8797    0.8661    0.9191    0.7174   0.04413  0.008148  0.006158
    34/299     5.01G   0.02121   0.00313  0.001743   0.02608         1       640    0.9162    0.8466    0.9272     0.714    0.0445  0.007834  0.006839
    35/299     5.01G   0.02142  0.003192  0.001477   0.02609         3       640    0.8756    0.8819    0.9239    0.6979   0.04376  0.008508  0.007611
    36/299     5.01G    0.0215   0.00321  0.001555   0.02627         2       640    0.9162    0.8144    0.9168    0.7093   0.04543  0.007837  0.006521
    37/299     5.01G   0.02164  0.003139  0.001521    0.0263         1       640    0.9259     0.852    0.9329    0.7219   0.04282  0.008157  0.006406
    38/299     5.01G   0.02123  0.003155  0.001804   0.02619         1       640    0.8965    0.8854    0.9319    0.7198   0.04293  0.008052  0.006156
    39/299     5.01G   0.02086  0.003082  0.001569   0.02551         1       640    0.8997    0.8391      0.91    0.7019   0.04398  0.008318  0.006289
    40/299     5.01G   0.02109  0.003222  0.001739   0.02605         2       640    0.8845    0.8739    0.9259    0.7087   0.04342  0.007779  0.006043
    41/299     5.01G   0.02066  0.003139  0.001691   0.02549         1       640     0.911    0.8786    0.9303    0.7151   0.04215  0.008132  0.005617
    42/299     5.01G   0.02104  0.003106  0.001698   0.02584         1       640    0.9393    0.8566     0.932    0.7175   0.04176  0.008256   0.00648
    43/299     5.01G   0.02096  0.003117  0.001467   0.02554         3       640    0.9043    0.8908    0.9393    0.7368   0.04121  0.008102  0.005429
    44/299     5.01G   0.02061  0.003049  0.001526   0.02519         5       640    0.9239     0.883    0.9333    0.7154   0.04334  0.008086  0.007024
    45/299     5.01G   0.02038  0.003057  0.001576   0.02501         2       640    0.9187    0.8456    0.9147    0.7082   0.04304  0.008334  0.006336
    46/299     5.01G    0.0208  0.002947  0.001343   0.02509         2       640    0.8946    0.8752    0.9263    0.7239   0.04188    0.0085  0.006285
    47/299     5.01G   0.02071  0.002978  0.001689   0.02538         1       640    0.9207    0.8669    0.9304    0.7241   0.04067  0.008589  0.005446
    48/299     5.01G   0.02083  0.003112  0.001539   0.02548         0       640    0.9069    0.8701    0.9337    0.7241   0.04067  0.008363  0.005772
    49/299     5.01G   0.02047  0.003056   0.00125   0.02478         1       640    0.9101    0.8606     0.931    0.7268   0.04046  0.008137  0.005282
    50/299     5.01G   0.02032  0.003057  0.001452   0.02482         1       640    0.9168    0.8705    0.9298    0.7236   0.04072  0.007896  0.006302
    51/299     5.01G   0.02065  0.003006  0.001323   0.02498         1       640    0.9147    0.8795    0.9415    0.7357   0.04068  0.007858  0.005202
    52/299     5.01G   0.02041  0.003032  0.001467   0.02491         4       640    0.9433    0.8688    0.9436    0.7317   0.04042  0.008007  0.004749
    53/299     5.01G   0.02031  0.003005  0.001275   0.02459         4       640    0.9355    0.8584    0.9372    0.7342   0.03868  0.008477   0.00446
    54/299     5.01G   0.01969  0.002958  0.001233   0.02388         2       640    0.8751    0.9137     0.941    0.7398   0.03897  0.008115  0.004445
    55/299     5.01G   0.01949  0.002956  0.001245   0.02369         0       640    0.9525     0.854    0.9433    0.7331   0.03835   0.00854  0.004984
    56/299     5.01G   0.02023  0.003058   0.00106   0.02435         3       640    0.9529    0.8607    0.9425    0.7372   0.03869  0.008485  0.004675
    57/299     5.01G    0.0192  0.002942  0.001137   0.02328         1       640     0.891    0.9111    0.9408    0.7334   0.03826  0.008327  0.004833
    58/299     5.01G   0.02022  0.003033  0.001101   0.02435         1       640    0.9281    0.8753     0.947    0.7392   0.03674  0.008432  0.004247
    59/299     5.01G    0.0199  0.003065  0.001317   0.02428         1       640     0.938    0.8767    0.9483    0.7399   0.03559  0.008151   0.00428
    60/299     5.01G   0.01973  0.003049  0.001204   0.02398         1       640    0.9249    0.9037    0.9444    0.7386   0.03557  0.008406  0.004413
    61/299     5.01G   0.01955  0.003142  0.001403    0.0241         2       640    0.9097    0.8971    0.9438    0.7297   0.03585  0.008688  0.004799
    62/299     5.01G   0.01923  0.003017  0.001265   0.02351         0       640    0.9455    0.8801    0.9467    0.7384   0.03576  0.008539  0.004386
    63/299     5.01G   0.01936   0.00307  0.001283   0.02372         1       640    0.9126    0.8894    0.9427    0.7331   0.03646  0.008463  0.004641
    64/299     5.01G   0.01934   0.00302   0.00121   0.02357         1       640    0.9211      0.89    0.9462    0.7392   0.03501  0.008297   0.00439
    65/299     5.01G   0.01993  0.003027  0.001232   0.02419         0       640    0.9244     0.891    0.9459    0.7426   0.03513   0.00814   0.00415
    66/299     5.01G   0.01948  0.002975 0.0009551   0.02341         1       640    0.9086    0.9036    0.9495    0.7472   0.03639  0.008282  0.004249
    67/299     5.01G   0.01916  0.002976  0.001065    0.0232         1       640    0.9032    0.9142     0.947    0.7541   0.03535  0.008346  0.004284
    68/299     5.01G   0.01922   0.00292  0.001099   0.02324         3       640    0.9228    0.9073    0.9581    0.7632   0.03528  0.008347  0.004363
    69/299     5.01G    0.0188  0.002933  0.001098   0.02283         5       640    0.9185    0.9198    0.9499    0.7533   0.03661  0.007968  0.004258
    70/299     5.01G   0.01905  0.002857 0.0007768   0.02268         1       640    0.9191    0.9173    0.9563    0.7504   0.03619  0.008162  0.004767
    71/299     5.01G   0.01923  0.002913 0.0009938   0.02314         1       640     0.903    0.9304    0.9611    0.7564   0.03414   0.00861  0.004704
    72/299     5.01G   0.01933  0.002915  0.001095   0.02334         2       640    0.9411    0.8752    0.9481    0.7465   0.03512  0.008499  0.004576
    73/299     5.01G   0.01885  0.002981  0.001302   0.02313         2       640    0.9137    0.9164    0.9555    0.7498   0.03617  0.008291  0.004829
    74/299     5.01G   0.01866  0.002883 0.0009923   0.02253         3       640     0.932    0.9066    0.9577    0.7549   0.03577  0.008297  0.004208
    75/299     5.01G   0.01865  0.002874 0.0009276   0.02245         3       640    0.9372    0.8953    0.9549    0.7669   0.03348  0.008373  0.004507
    76/299     5.01G   0.01902  0.002838  0.001164   0.02302         2       640    0.9155      0.91    0.9509    0.7524   0.03317  0.008813  0.004076
    77/299     5.01G    0.0188  0.002961   0.00108   0.02284         0       640     0.911    0.9059    0.9484    0.7436   0.03468  0.008682  0.004022
    78/299     5.01G   0.01872  0.002881 0.0009884   0.02259         1       640    0.9181    0.9155    0.9565    0.7545   0.03328   0.00841  0.003899
    79/299     5.01G   0.01839  0.002778 0.0007557   0.02193         1       640    0.9473    0.9004    0.9571    0.7587    0.0336  0.008747  0.004091
    80/299     5.01G    0.0188  0.002841   0.00082   0.02246         1       640    0.9276    0.9076    0.9491    0.7558   0.03231   0.00876  0.004017
    81/299     5.01G   0.01858  0.002816 0.0006486   0.02205         4       640    0.9381    0.9045    0.9553    0.7528   0.03315  0.008931   0.00356
    82/299     5.01G   0.01839  0.002747 0.0008549   0.02199         3       640    0.9405     0.894    0.9519     0.755   0.03359   0.00904   0.00419
    83/299     5.01G   0.01863  0.002806  0.000764    0.0222         1       640    0.9251    0.9101    0.9535    0.7565    0.0331  0.008781  0.004253
    84/299     5.01G   0.01848  0.002837 0.0008325   0.02215         3       640    0.9126    0.9156    0.9544    0.7557    0.0337  0.008398     0.004
    85/299     5.01G    0.0183  0.002769 0.0008784   0.02195         1       640    0.9059    0.9305    0.9528    0.7592   0.03359  0.008304  0.004394
    86/299     5.01G   0.01791  0.002779 0.0009142    0.0216         1       640    0.9494    0.8939    0.9559    0.7639   0.03336  0.008599  0.003545
    87/299     5.01G   0.01845  0.002775 0.0009274   0.02215         4       640    0.9561    0.8809    0.9562    0.7584   0.03297  0.008642  0.003508
    88/299     5.01G   0.01829  0.002733  0.001152   0.02217         2       640    0.9226     0.915    0.9489     0.747    0.0325  0.008882  0.004099
    89/299     5.01G   0.01808  0.002736 0.0007795    0.0216         1       640    0.9416    0.9075    0.9599    0.7639    0.0318  0.009054  0.003648
    90/299     5.01G   0.01803  0.002739 0.0008772   0.02165         1       640      0.91    0.9176    0.9576    0.7611   0.03311  0.008654  0.003315
    91/299     5.01G   0.01803  0.002709 0.0006466   0.02138         4       640    0.9462    0.9136    0.9577    0.7627   0.03311  0.008757  0.003342
    92/299     5.01G   0.01848  0.002737 0.0009121   0.02213         2       640    0.9193    0.9299    0.9569    0.7636   0.03292  0.008638  0.003302
    93/299     5.01G   0.01826  0.002808 0.0009816   0.02205         0       640    0.9323    0.9296    0.9619     0.768   0.03201  0.008912  0.003021
    94/299     5.01G   0.01765  0.002742 0.0006412   0.02104         1       640     0.915      0.94    0.9621    0.7715   0.03139  0.008959   0.00315
    95/299     5.01G   0.01735  0.002757 0.0007468   0.02086         3       640    0.9481    0.9071    0.9617    0.7616   0.03283  0.008858  0.003502
    96/299     5.01G   0.01798  0.002672 0.0008141   0.02147         1       640    0.9468    0.9126    0.9632    0.7672   0.03243  0.008832  0.003384
    97/299     5.01G   0.01761  0.002722 0.0007719   0.02111         2       640    0.9318    0.9174    0.9588    0.7624   0.03215  0.008881  0.003364
    98/299     5.01G   0.01767  0.002615  0.000894   0.02118         1       640    0.9239    0.9226    0.9607    0.7634   0.03198  0.009152  0.003457
    99/299     5.01G   0.01829  0.002651 0.0008231   0.02176         3       640    0.9631    0.8843    0.9563    0.7617    0.0326  0.008922  0.003296
   100/299     5.01G   0.01807  0.002753 0.0009036   0.02172         1       640     0.952    0.9011    0.9584     0.764   0.03184  0.008947   0.00335
   101/299     5.01G   0.01826  0.002757 0.0009146   0.02193         1       640    0.9417     0.907      0.96    0.7635   0.03197  0.008671  0.003291
   102/299     5.01G   0.01762  0.002698 0.0007833    0.0211         0       640    0.9398    0.9058    0.9603    0.7654   0.03226  0.008568  0.003288
   103/299     5.01G   0.01719  0.002652 0.0008548    0.0207         1       640    0.9314    0.9311    0.9637    0.7736   0.03207  0.008644  0.003211
   104/299     5.01G   0.01788  0.002704 0.0009682   0.02155         1       640    0.9483    0.9082    0.9636    0.7697    0.0319  0.008789   0.00307
   105/299     5.01G   0.01782  0.002653 0.0007843   0.02126         1       640    0.9323    0.9212    0.9628    0.7669   0.03164  0.008902  0.003129
   106/299     5.01G    0.0173  0.002638 0.0006026   0.02054         1       640     0.924    0.9276    0.9628    0.7655   0.03171   0.00899  0.003314
   107/299     5.01G   0.01764  0.002579 0.0006319   0.02085         0       640    0.9087    0.9386    0.9629    0.7698   0.03204   0.00892  0.003135
   108/299     5.01G   0.01735  0.002541 0.0005154   0.02041         0       640    0.9436    0.9104    0.9655    0.7699   0.03195   0.00885  0.002882
   109/299     5.01G   0.01762  0.002559 0.0005565   0.02073         2       640    0.9401    0.9101    0.9637    0.7683   0.03262  0.008747  0.002997
   110/299     5.01G   0.01691  0.002577 0.0005294   0.02001         1       640    0.9406    0.9116    0.9634    0.7671   0.03218  0.008945  0.002852
   111/299     5.01G   0.01761  0.002619  0.000564   0.02079         1       640    0.9422    0.9212    0.9664    0.7711   0.03154  0.009054  0.002781
   112/299     5.01G   0.01743  0.002616 0.0008643   0.02091         2       640    0.9492    0.9178    0.9613    0.7687   0.03152  0.009031  0.002723
   113/299     5.01G   0.01731  0.002617 0.0007996   0.02073         3       640    0.9333    0.9313    0.9604    0.7662   0.03243  0.008866  0.002736
   114/299     5.01G   0.01741  0.002577 0.0007139    0.0207         3       640    0.9246    0.9305    0.9617    0.7679   0.03288  0.008823  0.002852
   115/299     5.01G   0.01691  0.002526 0.0006691    0.0201         1       640     0.942    0.9159    0.9597    0.7695   0.03249  0.008727  0.002797
   116/299     5.01G   0.01704  0.002572 0.0007554   0.02037         1       640    0.9565     0.905     0.961     0.772   0.03236  0.008746  0.002668
   117/299     5.01G   0.01759  0.002636 0.0006879   0.02091         1       640    0.9024    0.9475    0.9625    0.7693   0.03241  0.008853  0.002471
   118/299     5.01G   0.01724  0.002573 0.0006004   0.02041         1       640    0.9299     0.922    0.9636    0.7693   0.03245  0.008684  0.002592
   119/299     5.01G    0.0172  0.002524 0.0005961   0.02032         1       640    0.9136    0.9431    0.9632    0.7732   0.03182  0.008823  0.002738
   120/299     5.01G   0.01681  0.002506 0.0005838    0.0199         1       640    0.9228     0.934     0.963    0.7761   0.03197  0.008802  0.002694
   121/299     5.01G   0.01703  0.002507  0.000529   0.02006         0       640    0.9415    0.9152    0.9627    0.7713   0.03255  0.008846   0.00279
   122/299     5.01G   0.01676  0.002513 0.0005436   0.01981         3       640     0.936    0.9275     0.963    0.7665   0.03261  0.008938  0.002833
   123/299     5.01G   0.01682  0.002482 0.0004845   0.01979         2       640    0.9371    0.9279    0.9641      0.77   0.03307  0.008902   0.00262
   124/299     5.01G   0.01684   0.00247 0.0005741   0.01988         2       640     0.926    0.9443    0.9628    0.7746   0.03225  0.008995  0.002599
   125/299     5.01G   0.01715    0.0025 0.0005349   0.02019         4       640    0.9248    0.9499    0.9648    0.7731   0.03257  0.008886    0.0026
   126/299     5.01G   0.01679  0.002428 0.0005271   0.01974         1       640    0.9384    0.9265    0.9617     0.771   0.03294  0.008928  0.002691
   127/299     5.01G   0.01686  0.002531 0.0005294   0.01992         1       640    0.9301    0.9359    0.9623    0.7679   0.03235  0.009014  0.002715
   128/299     5.01G   0.01649  0.002443 0.0005116   0.01945         2       640    0.9333    0.9384    0.9635    0.7662   0.03202  0.009139  0.002733
   129/299     5.01G   0.01677  0.002458 0.0006711    0.0199         2       640    0.9181    0.9406    0.9589    0.7744   0.03176  0.009157  0.002828
   130/299     5.01G   0.01694  0.002516 0.0007323   0.02019         3       640    0.9308    0.9321    0.9603    0.7736   0.03136  0.009167   0.00285
   131/299     5.01G   0.01653  0.002498 0.0005934   0.01962         0       640     0.925    0.9313    0.9593    0.7723    0.0311   0.00925  0.002717
   132/299     5.01G    0.0168  0.002473 0.0009004   0.02017         2       640    0.9148    0.9463    0.9601    0.7691   0.03115  0.009323  0.002806
   133/299     5.01G    0.0166  0.002493 0.0007291   0.01983         1       640    0.9422     0.923    0.9612    0.7718   0.03072   0.00937  0.002741
   134/299     5.01G   0.01654  0.002492 0.0005775   0.01961         1       640    0.9439    0.9227    0.9607    0.7722    0.0309  0.009357   0.00267
   135/299     5.01G   0.01658  0.002425 0.0005246   0.01953         1       640     0.955    0.9066    0.9597    0.7733   0.03104  0.009373  0.002557
   136/299     5.01G   0.01613  0.002373 0.0005489   0.01906         4       640    0.9453    0.9109    0.9572    0.7717   0.03165  0.009308  0.002383
   137/299     5.01G   0.01643   0.00247 0.0005268   0.01943         2       640    0.9293     0.926    0.9559     0.772   0.03169  0.009339  0.002404
   138/299     5.01G   0.01677  0.002474 0.0005839   0.01983         1       640    0.9334    0.9293    0.9547    0.7697     0.032  0.009315  0.002576
   139/299     5.01G   0.01623  0.002385 0.0004496   0.01906         1       640    0.9282    0.9289    0.9548    0.7692   0.03228  0.009333  0.002628
   140/299     5.01G    0.0161  0.002378 0.0005248     0.019         1       640    0.9367    0.9179    0.9534    0.7687   0.03216  0.009349  0.002676
   141/299     5.01G   0.01669  0.002448  0.000498   0.01963         3       640    0.9201    0.9355    0.9538    0.7701   0.03198  0.009325  0.002671
   142/299     5.01G   0.01606   0.00229 0.0003939   0.01875         0       640    0.9282    0.9252     0.953    0.7702   0.03201  0.009359  0.002666
   143/299     5.01G    0.0162  0.002319 0.0003761    0.0189         0       640    0.9435    0.9132     0.953      0.77   0.03183    0.0094   0.00255
   144/299     5.01G   0.01599  0.002388 0.0005812   0.01896         1       640    0.9524    0.9119    0.9594    0.7694   0.03179  0.009424  0.002481
   145/299     5.01G   0.01616  0.002365 0.0005803   0.01911         0       640    0.9358    0.9273    0.9569    0.7695    0.0316  0.009482  0.002549
   146/299     5.01G   0.01605  0.002413 0.0004413    0.0189         1       640    0.9454    0.9089    0.9584    0.7694   0.03169  0.009456  0.002655
   147/299     5.01G   0.01608  0.002377 0.0004662   0.01892         1       640    0.9447    0.9132    0.9588    0.7727   0.03162  0.009439  0.002722
   148/299     5.01G   0.01581  0.002361 0.0003986   0.01857         1       640    0.9488    0.9089    0.9559    0.7706   0.03166  0.009486  0.002659
   149/299     5.01G   0.01595  0.002356 0.0003114   0.01862         1       640     0.945    0.9193    0.9562    0.7711    0.0315  0.009521  0.002604
   150/299     5.01G   0.01564  0.002342 0.0004003   0.01839         0       640    0.9376     0.933    0.9575    0.7739   0.03153  0.009609  0.002554
   151/299     5.01G   0.01575  0.002368 0.0005836    0.0187         1       640    0.9331    0.9379    0.9599    0.7746   0.03151   0.00969  0.002497
   152/299     5.01G   0.01605   0.00233 0.0006432   0.01902         1       640    0.9434     0.925     0.958    0.7734   0.03147  0.009706  0.002435
   153/299     5.01G   0.01584  0.002358 0.0005429   0.01874         0       640    0.9325    0.9305    0.9585    0.7749   0.03146  0.009724  0.002485
   154/299     5.01G   0.01604  0.002277 0.0004249   0.01874         1       640    0.9412    0.9281    0.9591    0.7742   0.03146  0.009724  0.002433
   155/299     5.01G   0.01571   0.00233 0.0005494   0.01859         1       640    0.9253    0.9375    0.9601    0.7719   0.03143  0.009766  0.002415
   156/299     5.01G   0.01574  0.002387 0.0005364   0.01867         2       640    0.9284    0.9373    0.9594    0.7725   0.03144  0.009755  0.002436
   157/299     5.01G   0.01606  0.002269 0.0003298   0.01866         1       640    0.9254     0.938    0.9559    0.7722    0.0314  0.009775  0.002486
   158/299     5.01G   0.01564   0.00232 0.0004356    0.0184         1       640    0.9215    0.9376    0.9562    0.7701   0.03135  0.009801  0.002548
   159/299     5.01G   0.01542  0.002273 0.0003524   0.01805         3       640    0.9181    0.9382    0.9568    0.7705    0.0311  0.009868  0.002614
   160/299     5.01G   0.01566  0.002285 0.0004116   0.01836         1       640    0.9397    0.9165    0.9579    0.7719     0.031  0.009882  0.002616
   161/299     5.01G   0.01541   0.00225  0.000409   0.01807         3       640    0.9289    0.9292    0.9583    0.7739   0.03087  0.009924  0.002665
   162/299     5.01G   0.01562  0.002316 0.0003938   0.01833         1       640    0.9314    0.9273    0.9567    0.7735   0.03089   0.00995    0.0026
   163/299     5.01G   0.01559  0.002341 0.0004884   0.01842         2       640    0.9252    0.9345     0.957    0.7736   0.03104  0.009974  0.002563
   164/299     5.01G   0.01537  0.002272 0.0003968   0.01804         1       640    0.9365    0.9194    0.9576    0.7734   0.03107  0.009976  0.002575
   165/299     5.01G   0.01505   0.00232 0.0003046   0.01768         1       640    0.9346    0.9175    0.9576     0.772   0.03104      0.01   0.00256
   166/299     5.01G   0.01563  0.002281 0.0003831   0.01829         1       640    0.9265     0.924    0.9569    0.7717   0.03098   0.01006  0.002537
   167/299     5.01G   0.01519  0.002237 0.0004156   0.01784         1       640    0.9232    0.9281    0.9578    0.7708   0.03071    0.0101  0.002507
   168/299     5.01G   0.01531  0.002226  0.000341   0.01788         2       640    0.9298    0.9221    0.9591     0.773   0.03047   0.01016  0.002479
   169/299     5.01G   0.01519  0.002198 0.0003289   0.01772         1       640    0.9284    0.9247    0.9592     0.773   0.03027    0.0102  0.002464
   170/299     5.01G   0.01537   0.00228 0.0004735   0.01812         2       640    0.9255    0.9308     0.959    0.7712   0.03023   0.01019  0.002431
   171/299     5.01G   0.01536  0.002244 0.0003819   0.01798         2       640    0.9254    0.9317    0.9592    0.7698   0.02986   0.01026   0.00243
   172/299     5.01G   0.01524  0.002286 0.0004719   0.01799         4       640    0.9273    0.9315    0.9594    0.7693   0.02962   0.01033  0.002455
   173/299     5.01G   0.01527  0.002278  0.000413   0.01797         1       640    0.9287      0.93    0.9603    0.7724   0.02929    0.0104  0.002454
   174/299     5.01G   0.01495   0.00225 0.0003274   0.01753         2       640    0.9279    0.9284    0.9602    0.7719   0.02898   0.01043  0.002453
   175/299     5.01G   0.01531  0.002243  0.000468   0.01802         2       640     0.932    0.9233    0.9608    0.7708   0.02867   0.01047   0.00246
   176/299     5.01G   0.01513  0.002208 0.0003623    0.0177         3       640    0.9289    0.9278    0.9603     0.771   0.02841    0.0105  0.002439
   177/299     5.01G   0.01479  0.002196 0.0003299   0.01732         1       640    0.9299    0.9292    0.9592    0.7718   0.02826   0.01052   0.00243
   178/299     5.01G   0.01486  0.002196 0.0002964   0.01736         2       640    0.9332    0.9282    0.9592    0.7707   0.02814   0.01054  0.002423
   179/299     5.01G   0.01506  0.002236 0.0004434   0.01774         2       640     0.932    0.9301    0.9588    0.7715   0.02798   0.01056  0.002409
   180/299     5.01G   0.01467  0.002186 0.0002961   0.01715         2       640     0.932    0.9301    0.9585    0.7713   0.02792   0.01058  0.002401
   181/299     5.01G   0.01467  0.002182 0.0002846   0.01714         1       640    0.9286    0.9299     0.958    0.7731   0.02777   0.01062  0.002411
   182/299     5.01G    0.0149  0.002222  0.000364   0.01749         1       640    0.9257    0.9331    0.9583    0.7746   0.02774   0.01064  0.002419
   183/299     5.01G   0.01469  0.002187 0.0003174   0.01719         1       640    0.9376    0.9225    0.9582    0.7734   0.02784   0.01063  0.002411
   184/299     5.01G   0.01462  0.002151 0.0003325   0.01711         2       640    0.9365    0.9226    0.9581    0.7736   0.02788   0.01066  0.002415
   185/299     5.01G   0.01491  0.002164 0.0003652   0.01744         2       640    0.9318     0.927    0.9577    0.7735   0.02783   0.01067  0.002386
   186/299     5.01G   0.01455  0.002198 0.0002577     0.017         5       640    0.9349    0.9255    0.9576    0.7723   0.02778    0.0107  0.002355
   187/299     5.01G   0.01482  0.002169 0.0003538   0.01734         1       640    0.9331    0.9255    0.9568    0.7705   0.02778   0.01073  0.002345
   188/299     5.01G   0.01456   0.00217 0.0004326   0.01716         1       640    0.9389     0.916    0.9566    0.7715   0.02773   0.01077  0.002331
   189/299     5.01G   0.01468  0.002146 0.0003552   0.01718         4       640    0.9347    0.9236    0.9566    0.7721   0.02769    0.0108  0.002321
   190/299     5.01G    0.0145   0.00219 0.0003623   0.01705         2       640    0.9362    0.9238    0.9565    0.7716   0.02763   0.01083  0.002318
   191/299     5.01G   0.01449  0.002185 0.0003778   0.01705         3       640    0.9361    0.9239    0.9567    0.7716   0.02757   0.01082   0.00229
   192/299     5.01G   0.01462  0.002177  0.000274   0.01707         4       640    0.9364    0.9254    0.9567     0.772   0.02753   0.01082  0.002271
   193/299     5.01G   0.01423  0.002142 0.0004479   0.01682         1       640    0.9419    0.9201    0.9565    0.7704   0.02748   0.01084  0.002277
   194/299     5.01G   0.01429  0.002174 0.0002507   0.01672         0       640    0.9423      0.92    0.9566    0.7686   0.02743   0.01086  0.002278
   195/299     5.01G   0.01443  0.002184 0.0003248   0.01694         1       640    0.9475     0.917    0.9564    0.7697    0.0274   0.01087  0.002285
   196/299     5.01G   0.01444  0.002124  0.000296   0.01686         2       640    0.9458    0.9185    0.9563    0.7696   0.02739   0.01089  0.002282
   197/299     5.01G   0.01405  0.002115 0.0001964   0.01636         4       640    0.9452    0.9213    0.9564    0.7695   0.02739   0.01089  0.002287
   198/299     5.01G   0.01418  0.002144 0.0002854   0.01661         1       640    0.9476    0.9209    0.9563    0.7693   0.02734   0.01092  0.002291
   199/299     5.01G   0.01448  0.002155 0.0004168   0.01705         1       640    0.9495    0.9201    0.9562    0.7692   0.02728   0.01093  0.002291
   200/299     5.01G    0.0139  0.002088 0.0002685   0.01625         1       640    0.9481      0.92    0.9563    0.7705    0.0272   0.01096  0.002271
   201/299     5.01G    0.0143  0.002132 0.0002676    0.0167         0       640    0.9472    0.9208     0.956    0.7714   0.02715   0.01098  0.002279
   202/299     5.01G   0.01436  0.002155 0.0005294   0.01704         1       640    0.9456    0.9202    0.9563    0.7716   0.02712     0.011  0.002294
   203/299     5.01G   0.01411  0.002087 0.0003699   0.01657         1       640    0.9463    0.9198    0.9564    0.7709   0.02707   0.01104   0.00229
   204/299     5.01G   0.01428  0.002107 0.0002257   0.01661         1       640    0.9442    0.9197    0.9563     0.772   0.02703   0.01106  0.002277
   205/299     5.01G   0.01414  0.002146 0.0004032   0.01669         0       640    0.9379    0.9265     0.956    0.7708     0.027   0.01108  0.002268
   206/299     5.01G   0.01391   0.00208 0.0003107    0.0163         0       640    0.9382    0.9268    0.9552    0.7713     0.027   0.01109  0.002268
   207/299     5.01G    0.0142  0.002064  0.000284   0.01655         0       640     0.942    0.9239     0.955    0.7703   0.02695   0.01111  0.002274
   208/299     5.01G   0.01391  0.002104 0.0003673   0.01638         0       640     0.942    0.9238     0.955    0.7693   0.02692   0.01113  0.002275
   209/299     5.01G   0.01384  0.002054 0.0002911   0.01619         5       640    0.9488    0.9189    0.9552    0.7698   0.02689   0.01115  0.002274
   210/299     5.01G   0.01354  0.002092 0.0002085   0.01584         2       640    0.9516    0.9173    0.9551    0.7693   0.02689   0.01117  0.002279
   211/299     5.01G   0.01377  0.002064 0.0002357   0.01607         1       640    0.9499     0.918    0.9556    0.7707   0.02686   0.01118  0.002264
   212/299     5.01G   0.01386  0.002095 0.0003031   0.01626         2       640    0.9501    0.9194    0.9545    0.7716   0.02683   0.01119   0.00225
   213/299     5.01G   0.01372  0.002073 0.0002968   0.01609         4       640    0.9526     0.918    0.9552    0.7727   0.02685   0.01121  0.002239
   214/299     5.01G   0.01369  0.002067 0.0002804   0.01604         1       640    0.9516    0.9214    0.9555    0.7738   0.02684   0.01123  0.002225
   215/299     5.01G   0.01384  0.002089 0.0003957   0.01633         2       640    0.9515      0.92    0.9563    0.7738   0.02687   0.01124   0.00222
   216/299     5.01G   0.01365  0.002088 0.0003188   0.01606         1       640    0.9515    0.9199    0.9554    0.7739   0.02687   0.01125   0.00221
   217/299     5.01G   0.01348  0.002099  0.000267   0.01584         0       640    0.9515    0.9193    0.9555     0.773   0.02687   0.01126  0.002204
   218/299     5.01G    0.0136  0.001999 0.0002443   0.01584         2       640    0.9526    0.9168    0.9556    0.7729   0.02689   0.01127  0.002204
   219/299     5.01G   0.01372  0.002047 0.0003056   0.01608         2       640    0.9568    0.9132    0.9556    0.7712   0.02691   0.01128  0.002203
   220/299     5.01G   0.01362  0.002083  0.000432   0.01614         2       640    0.9569    0.9136    0.9555    0.7718   0.02692   0.01128  0.002194
   221/299     5.01G   0.01341  0.002068 0.0002021   0.01568         1       640    0.9405    0.9286    0.9556    0.7729   0.02692   0.01128   0.00219
   222/299     5.01G    0.0135  0.002045 0.0003619   0.01591         0       640    0.9529    0.9174    0.9557    0.7735   0.02691   0.01129  0.002185
   223/299     5.01G   0.01352  0.002012  0.000213   0.01574         2       640    0.9523    0.9167    0.9556    0.7725   0.02691   0.01131  0.002185
   224/299     5.01G   0.01347  0.001974 0.0002919   0.01573         0       640    0.9525    0.9168    0.9557    0.7718   0.02692   0.01133  0.002187
   225/299     5.01G    0.0131  0.002004 0.0003948    0.0155         1       640    0.9387    0.9301    0.9557    0.7716   0.02692   0.01134  0.002193
   226/299     5.01G   0.01361  0.002052   0.00026   0.01592         4       640    0.9395      0.93    0.9555    0.7719   0.02693   0.01135    0.0022
   227/299     5.01G   0.01312  0.001957  0.000202   0.01528         1       640    0.9525    0.9182    0.9556    0.7718   0.02693   0.01136  0.002201
   228/299     5.01G   0.01365  0.002043  0.000224   0.01592         2       640    0.9527    0.9182    0.9558    0.7723   0.02692   0.01137  0.002203
   229/299     5.01G   0.01307  0.002008 0.0001879   0.01527         0       640    0.9407    0.9289    0.9552    0.7724    0.0269   0.01137  0.002202
   230/299     5.01G   0.01329  0.001974 0.0002662   0.01552         3       640    0.9407    0.9287    0.9557    0.7716   0.02689   0.01138  0.002201
   231/299     5.01G   0.01357  0.001977 0.0001968   0.01574         2       640    0.9381    0.9317    0.9557    0.7723   0.02688   0.01138  0.002202
   232/299     5.01G   0.01346  0.001989 0.0001881   0.01563         2       640    0.9385    0.9317    0.9559    0.7729   0.02687   0.01139    0.0022
   233/299     5.01G   0.01323  0.001978 0.0003331   0.01554         1       640    0.9388    0.9316    0.9559    0.7726   0.02683    0.0114    0.0022
   234/299     5.01G   0.01327  0.002009 0.0002131   0.01549         1       640     0.939    0.9317    0.9557    0.7728   0.02681   0.01141    0.0022
   235/299     5.01G   0.01316  0.001989 0.0002305   0.01538         2       640    0.9385    0.9316    0.9551     0.772   0.02678   0.01142  0.002199
   236/299     5.01G   0.01293  0.001981 0.0001674   0.01507         1       640    0.9393    0.9307    0.9548     0.773   0.02676   0.01143  0.002201
   237/299     5.01G   0.01289  0.001968 0.0002346   0.01509         4       640    0.9516    0.9195    0.9548    0.7733   0.02674   0.01143  0.002202
   238/299     5.01G   0.01308  0.001982  0.000237    0.0153         2       640    0.9435     0.927    0.9547    0.7728   0.02673   0.01144    0.0022
   239/299     5.01G   0.01311  0.001962 0.0002262    0.0153         0       640    0.9528    0.9184    0.9547    0.7723   0.02672   0.01145  0.002197
   240/299     5.01G   0.01317  0.001927 0.0002974    0.0154         0       640    0.9393    0.9315    0.9546    0.7729   0.02671   0.01146  0.002191
   241/299     5.01G   0.01289   0.00199 0.0001528   0.01503         0       640    0.9395    0.9316    0.9547    0.7735    0.0267   0.01147  0.002188
   242/299     5.01G   0.01308  0.002013 0.0002934   0.01538         1       640    0.9397    0.9317    0.9547    0.7728    0.0267   0.01148  0.002184
   243/299     5.01G    0.0129  0.001963 0.0002691   0.01513         3       640    0.9399    0.9317    0.9544    0.7729   0.02669   0.01148  0.002182
   244/299     5.01G   0.01288   0.00194 0.0001827     0.015         1       640    0.9401    0.9317    0.9543    0.7719   0.02668   0.01149   0.00218
   245/299     5.01G    0.0127  0.001937 0.0001625    0.0148         1       640    0.9404    0.9317    0.9542    0.7727   0.02668    0.0115  0.002181
   246/299     5.01G   0.01282   0.00192 0.0001318   0.01488         2       640    0.9406    0.9317    0.9542    0.7723   0.02668   0.01151   0.00218
   247/299     5.01G    0.0129  0.001915 0.0001782     0.015         4       640    0.9408    0.9317    0.9542    0.7722   0.02667   0.01152   0.00218
   248/299     5.01G   0.01281  0.001931 0.0001874   0.01493         4       640    0.9409    0.9317    0.9542     0.772   0.02666   0.01153  0.002178
   249/299     5.01G    0.0127  0.001927 0.0001975   0.01483         1       640     0.941    0.9317    0.9537    0.7717   0.02666   0.01153  0.002178
   250/299     5.01G   0.01282  0.001923 0.0001825   0.01493         2       640    0.9411    0.9317    0.9537    0.7722   0.02665   0.01154  0.002177
   251/299     5.01G   0.01287  0.001892  0.000213   0.01498         2       640    0.9411    0.9317    0.9538    0.7713   0.02665   0.01154  0.002175
   252/299     5.01G   0.01272  0.001928 0.0004089   0.01506         2       640    0.9427    0.9315    0.9539    0.7714   0.02664   0.01155  0.002175
   253/299     5.01G   0.01284  0.001913 0.0002037   0.01495         3       640    0.9443    0.9317     0.954    0.7717   0.02664   0.01155  0.002176
   254/299     5.01G   0.01243  0.001917 0.0002276   0.01458         0       640    0.9444    0.9317    0.9541    0.7709   0.02664   0.01156  0.002175
   255/299     5.01G   0.01262  0.001967 0.0002337   0.01482         3       640    0.9441    0.9316    0.9541    0.7708   0.02663   0.01157  0.002176
   256/299     5.01G   0.01257  0.001957 0.0001883   0.01472         3       640    0.9441    0.9317     0.954    0.7705   0.02663   0.01158  0.002179
   257/299     5.01G   0.01272  0.001894  0.000302   0.01492         1       640    0.9441    0.9317    0.9539    0.7706   0.02663   0.01158   0.00218
   258/299     5.01G   0.01235  0.001886 0.0001832   0.01442         1       640    0.9441    0.9317     0.954    0.7709   0.02663   0.01159  0.002181
   259/299     5.01G   0.01251  0.001906 0.0001831    0.0146         0       640     0.944    0.9317     0.954    0.7708   0.02663    0.0116  0.002182
   260/299     5.01G   0.01269  0.001931 0.0001509   0.01477         1       640     0.944    0.9317     0.954    0.7704   0.02664   0.01161  0.002183
   261/299     5.01G   0.01259  0.001928 0.0001627   0.01468         4       640    0.9456    0.9314    0.9537      0.77   0.02663   0.01161  0.002183
   262/299     5.01G   0.01231  0.001931 0.0002428   0.01448         4       640    0.9458    0.9313    0.9537    0.7701   0.02663   0.01162  0.002184
   263/299     5.01G   0.01244  0.001872 0.0001725   0.01448         2       640    0.9458    0.9316    0.9537    0.7702   0.02663   0.01163  0.002185
   264/299     5.01G   0.01243  0.001898 0.0001374   0.01446         1       640    0.9457    0.9317    0.9537    0.7701   0.02662   0.01164  0.002185
   265/299     5.01G   0.01201  0.001876  0.000233   0.01412         1       640    0.9458    0.9317    0.9542    0.7707   0.02661   0.01164  0.002185
   266/299     5.01G   0.01241  0.001867 0.0001286   0.01441         0       640    0.9457    0.9317    0.9544    0.7702    0.0266   0.01165  0.002185
   267/299     5.01G   0.01205  0.001889 0.0002828   0.01422         4       640    0.9456    0.9317    0.9544    0.7706    0.0266   0.01166  0.002186
   268/299     5.01G    0.0126  0.001912 0.0001673   0.01468         2       640    0.9459    0.9317    0.9545    0.7701   0.02659   0.01166  0.002187
   269/299     5.01G   0.01243  0.001867 0.0001908   0.01449         0       640    0.9461    0.9317    0.9545    0.7697   0.02658   0.01167  0.002188
   270/299     5.01G   0.01223  0.001825 0.0001655   0.01422         1       640    0.9462    0.9317    0.9545    0.7701   0.02658   0.01168  0.002189
   271/299     5.01G    0.0123  0.001841 0.0001725   0.01431         2       640    0.9461    0.9317    0.9545    0.7709   0.02658   0.01168   0.00219
   272/299     5.01G   0.01237  0.001959 0.0001771   0.01451         1       640    0.9465    0.9317    0.9546      0.77   0.02657   0.01169  0.002193
   273/299     5.01G   0.01217  0.001886  0.000177   0.01424         6       640    0.9465    0.9317    0.9546    0.7699   0.02657   0.01169  0.002195
   274/299     5.01G   0.01238   0.00188 0.0001539   0.01441         2       640    0.9466    0.9317    0.9545    0.7702   0.02657    0.0117  0.002198
   275/299     5.01G   0.01228  0.001862 0.0001875   0.01433         0       640    0.9468    0.9316    0.9547    0.7698   0.02657    0.0117    0.0022
   276/299     5.01G   0.01227  0.001855 0.0001585   0.01428         0       640    0.9468    0.9316    0.9547      0.77   0.02656   0.01171    0.0022
   277/299     5.01G   0.01217  0.001891 0.0001663   0.01423         1       640    0.9468    0.9317    0.9547    0.7703   0.02656   0.01171    0.0022
   278/299     5.01G   0.01212  0.001845 0.0001668   0.01413         0       640    0.9468    0.9316    0.9547      0.77   0.02656   0.01172    0.0022
   279/299     5.01G   0.01201  0.001878 0.0001459   0.01403         2       640    0.9468    0.9317    0.9548     0.771   0.02655   0.01172    0.0022
   280/299     5.01G    0.0122  0.001883 0.0001743   0.01426         2       640    0.9468    0.9317    0.9548    0.7705   0.02655   0.01173    0.0022
   281/299     5.01G   0.01219   0.00189 0.0001267   0.01421         1       640    0.9466    0.9317    0.9547      0.77   0.02655   0.01174  0.002199
   282/299     5.01G   0.01187  0.001866 0.0001806   0.01392         1       640    0.9466    0.9317    0.9548    0.7705   0.02654   0.01174  0.002199
   283/299     5.01G   0.01228  0.001873 0.0002645   0.01442         0       640    0.9466    0.9316    0.9549    0.7707   0.02654   0.01175  0.002199
   284/299     5.01G   0.01193  0.001837 0.0001439   0.01391         0       640    0.9466    0.9316    0.9548    0.7707   0.02654   0.01176  0.002199
   285/299     5.01G   0.01191  0.001826 0.0001793   0.01391         0       640    0.9466    0.9316    0.9548    0.7692   0.02653   0.01177    0.0022
   286/299     5.01G   0.01193   0.00184 0.0001932   0.01396         5       640    0.9465    0.9317    0.9549    0.7702   0.02653   0.01178  0.002201
   287/299     5.01G   0.01202  0.001866 0.0001773   0.01406         1       640    0.9464    0.9316     0.955    0.7715   0.02653   0.01178  0.002201
   288/299     5.01G   0.01191  0.001821 9.259e-05   0.01382         2       640    0.9464    0.9317     0.955    0.7714   0.02653   0.01179  0.002202
   289/299     5.01G   0.01248  0.001878 0.0001754   0.01454         2       640    0.9464    0.9316    0.9549    0.7714   0.02652    0.0118  0.002201
   290/299     5.01G   0.01206  0.001867 0.0002434   0.01417         4       640    0.9464    0.9316    0.9546    0.7709   0.02652   0.01181  0.002202
   291/299     5.01G    0.0118  0.001853 0.0001472    0.0138         2       640    0.9464    0.9316    0.9545    0.7711   0.02651   0.01181  0.002202
   292/299     5.01G   0.01209  0.001848 0.0001818   0.01412         3       640    0.9464    0.9316    0.9544    0.7711    0.0265   0.01182  0.002203
   293/299     5.01G   0.01199   0.00186  0.000169   0.01402         1       640    0.9464    0.9316    0.9544    0.7712    0.0265   0.01183  0.002203
   294/299     5.01G   0.01202  0.001823 0.0001296   0.01397         2       640    0.9464    0.9316    0.9546    0.7715   0.02649   0.01184  0.002204
   295/299     5.01G   0.01176  0.001853  0.000111   0.01372         2       640    0.9463    0.9317    0.9546    0.7717   0.02649   0.01184  0.002204
   296/299     5.01G   0.01189  0.001814  0.000123   0.01383         1       640    0.9463    0.9317    0.9546    0.7716   0.02649   0.01185  0.002204
   297/299     5.01G   0.01198  0.001837 0.0001904   0.01401         4       640    0.9466    0.9312    0.9546     0.772   0.02648   0.01186  0.002204
   298/299     5.01G   0.01224   0.00185 0.0001942   0.01428         2       640    0.9467    0.9311    0.9546    0.7716   0.02648   0.01186  0.002206
   299/299     5.01G   0.01194   0.00185 0.0001246   0.01391         1       640    0.9467    0.9312    0.9546    0.7715   0.02647   0.01187  0.002208
