     0/299      2.6G   0.07491    0.0237         0   0.09861        15       640  0.006271   0.03794  0.001445 0.0003015    0.1018   0.04884         0
     1/299     3.75G   0.06693   0.02333         0   0.09026        24       640   0.08289   0.04607   0.00937  0.001779    0.0951    0.0519         0
     2/299     4.13G   0.06175   0.02317         0   0.08492        13       640   0.08764    0.2385   0.05256   0.01171   0.09156   0.04906         0
     3/299     4.13G   0.05919   0.02156         0   0.08076        20       640    0.1474    0.2087   0.08443   0.02469   0.08395   0.05122         0
     4/299     4.13G   0.06069   0.02023         0   0.08092         9       640    0.2101    0.1653    0.1179   0.02628   0.08647   0.04852         0
     5/299     4.13G   0.06051    0.0196         0   0.08011        12       640   0.05941    0.2304   0.04936   0.01352    0.1016   0.03822         0
     6/299     4.13G   0.06221   0.01924         0   0.08144        23       640    0.1895    0.3957    0.1773   0.04607   0.08904   0.04773         0
     7/299     4.13G   0.05598   0.02085         0   0.07682        11       640    0.3255    0.2656    0.2066   0.06297   0.08924     0.048         0
     8/299     4.13G   0.05314   0.01961         0   0.07275        23       640    0.3397    0.3333    0.2648   0.08438   0.08788   0.04884         0
     9/299     4.13G   0.05085   0.02024         0   0.07109        22       640      0.31    0.3848     0.295   0.09831    0.0838   0.05098         0
    10/299     4.13G   0.04998   0.01873         0   0.06871        15       640    0.4092    0.4119    0.3713    0.1256   0.08201   0.05057         0
    11/299     4.13G   0.04846   0.02006         0   0.06852        22       640    0.3832    0.4255    0.3587     0.129    0.0807   0.05034         0
    12/299     4.13G   0.04695   0.01937         0   0.06633        29       640    0.5092    0.4218    0.4342    0.1603   0.08037    0.0491         0
    13/299     4.13G   0.04652   0.01793         0   0.06445        22       640    0.4321    0.5095    0.4421    0.1666    0.0805   0.04753         0
    14/299     4.13G   0.04492   0.01837         0   0.06329        14       640    0.4571    0.4715    0.4435    0.1751   0.08199   0.04675         0
    15/299     4.13G   0.04442   0.01871         0   0.06313        16       640    0.5309    0.4876    0.4953    0.2015   0.08025   0.04786         0
    16/299     4.13G   0.04376   0.01868         0   0.06244        17       640    0.5628    0.5093    0.5193    0.2099   0.07918   0.04737         0
    17/299     4.13G   0.04197   0.01769         0   0.05966        10       640    0.5835    0.5201    0.5093    0.1977   0.08109   0.04478         0
    18/299     4.13G   0.04133    0.0174         0   0.05873        11       640    0.5449    0.5224    0.5237    0.2149   0.08182   0.04299         0
    19/299     4.13G    0.0409    0.0172         0    0.0581        23       640    0.5245    0.5471    0.5221    0.2134   0.08275   0.04338         0
    20/299     4.13G   0.04174   0.01694         0   0.05868        51       640    0.5212    0.5635    0.5277    0.2182   0.08123   0.04464         0
    21/299     4.13G   0.04081   0.01618         0   0.05699        16       640    0.5781    0.5881    0.5865    0.2368   0.07901   0.04546         0
    22/299     4.13G   0.04156   0.01661         0   0.05817        18       640    0.4987    0.5989    0.5394    0.2094   0.07899   0.04658         0
    23/299     4.13G   0.04059   0.01718         0   0.05776        16       640    0.5768    0.5772    0.5653    0.2342   0.07919   0.04545         0
    24/299     4.13G   0.04027   0.01625         0   0.05652        15       640    0.4917    0.5691    0.5268    0.2044   0.07966   0.04609         0
    25/299     4.13G    0.0388   0.01708         0   0.05588        16       640    0.5578     0.561    0.5633    0.2343   0.07961   0.04646         0
    26/299     4.13G    0.0381   0.01496         0   0.05305        12       640    0.5454    0.5827    0.5724    0.2399   0.07733   0.04702         0
    27/299     4.13G   0.03767   0.01566         0   0.05333        13       640    0.6191    0.5745     0.591    0.2585   0.07716   0.04672         0
    28/299     4.13G   0.03778   0.01525         0   0.05304        16       640    0.5821    0.5663    0.5782    0.2456   0.07773   0.04675         0
    29/299     4.13G   0.03708    0.0154         0   0.05248        16       640     0.646    0.5935    0.6127    0.2701   0.07507   0.04663         0
    30/299     4.13G   0.03689   0.01526         0   0.05215        27       640    0.5961    0.6558    0.6072    0.2575   0.07271   0.04903         0
    31/299     4.13G   0.03579   0.01487         0   0.05066        21       640    0.6078    0.6098      0.61    0.2678    0.0721   0.05063         0
    32/299     4.13G   0.03671   0.01416         0   0.05088        30       640     0.643    0.6151    0.6319    0.2769    0.0718   0.04879         0
    33/299     4.13G   0.03502   0.01417         0   0.04919        21       640    0.6652    0.5989    0.6318    0.2757    0.0718   0.04918         0
    34/299     4.13G   0.03525   0.01499         0   0.05024        36       640    0.5914    0.6531    0.6229    0.2866   0.07017   0.04923         0
    35/299     4.13G   0.03475   0.01414         0   0.04889        18       640    0.6327    0.6067    0.6151    0.2844   0.07333   0.04779         0
    36/299     4.13G   0.03372   0.01342         0   0.04713        12       640    0.6205    0.6335    0.6261    0.2844   0.07247   0.04755         0
    37/299     4.13G   0.03557   0.01454         0   0.05011        18       640    0.6069    0.6423    0.6271    0.2913   0.07321    0.0482         0
    38/299     4.13G   0.03416   0.01351         0   0.04767        13       640    0.6643    0.6233    0.6411    0.2973   0.07199   0.04797         0
    39/299     4.13G   0.03342   0.01389         0   0.04731        16       640    0.7013    0.6558    0.6516    0.3009   0.07114   0.04818         0
    40/299     4.13G   0.03285   0.01333         0   0.04618         7       640    0.6731    0.6193    0.6466    0.2925   0.07071   0.04961         0
    41/299     4.13G   0.03366   0.01338         0   0.04704        13       640    0.6176    0.6259    0.6097    0.2616   0.07317    0.0501         0
    42/299     4.13G   0.03374   0.01315         0   0.04688        17       640    0.6304    0.6802     0.645    0.3058   0.07156   0.04872         0
    43/299     4.13G   0.03254   0.01328         0   0.04582         7       640    0.6382    0.6501    0.6364    0.2925   0.07198   0.05039         0
    44/299     4.13G   0.03275   0.01329         0   0.04604        19       640    0.6315    0.6501    0.6484    0.3004   0.06984   0.05142         0
    45/299     4.13G   0.03167   0.01277         0   0.04444        37       640    0.6734    0.6206     0.652    0.2997   0.06874   0.05289         0
    46/299     4.13G   0.03127   0.01279         0   0.04406        21       640    0.7497    0.6098    0.6859    0.3312   0.06795   0.05411         0
    47/299     4.13G    0.0314   0.01261         0   0.04401         5       640    0.6571    0.6854    0.6769    0.3212   0.06901   0.05124         0
    48/299     4.13G   0.03268   0.01286         0   0.04554        22       640    0.6887    0.6475    0.6735    0.3232   0.06841   0.05304         0
    49/299     4.13G   0.03037    0.0122         0   0.04257         5       640    0.6545     0.688    0.6933    0.3243   0.06668   0.05309         0
    50/299     4.13G   0.03034   0.01259         0   0.04293        26       640     0.678    0.6802    0.6983    0.3324   0.06606   0.05442         0
    51/299     4.13G   0.03087   0.01251         0   0.04339        32       640    0.6944    0.6774    0.6987    0.3442   0.06529   0.05523         0
    52/299     4.13G   0.03029   0.01275         0   0.04304         9       640    0.6828    0.6829    0.6655    0.3211   0.06752   0.05428         0
    53/299     4.13G   0.02998   0.01195         0   0.04194        16       640    0.7146    0.6856    0.7141    0.3524   0.06529   0.05436         0
    54/299     4.13G    0.0289   0.01206         0   0.04097        13       640    0.7253    0.6797    0.6968    0.3464    0.0652   0.05533         0
    55/299     4.13G   0.02947   0.01209         0   0.04156        15       640    0.7747    0.6336    0.7091    0.3738   0.06546   0.05509         0
    56/299     4.13G   0.02966   0.01211         0   0.04177        15       640    0.7248    0.6637    0.6966    0.3527   0.06555   0.05628         0
    57/299     4.13G     0.029   0.01188         0   0.04088        12       640    0.7612    0.6394    0.6773    0.3453   0.06524   0.05714         0
    58/299     4.13G   0.02863   0.01132         0   0.03996         6       640     0.731    0.6335    0.6987    0.3624   0.06551   0.05678         0
    59/299     4.13G   0.02945   0.01187         0   0.04131        22       640    0.6731    0.6529    0.6677    0.3299   0.06687   0.05661         0
    60/299     4.13G   0.02836   0.01204         0   0.04039        13       640     0.829    0.5718    0.6807    0.3319   0.06689   0.05667         0
    61/299     4.13G   0.02756     0.012         0   0.03956         9       640    0.7271    0.6721    0.7074     0.365   0.06697   0.05354         0
    62/299     4.13G   0.02777   0.01179         0   0.03956        15       640    0.7351    0.6694    0.7183    0.3651    0.0683   0.05257         0
    63/299     4.13G    0.0282   0.01193         0   0.04013        32       640    0.7816    0.5962    0.6865    0.3637   0.06904   0.05371         0
    64/299     4.13G   0.02841   0.01138         0   0.03979        16       640    0.6712    0.6938    0.6985    0.3442   0.06892   0.05276         0
    65/299     4.13G   0.02811   0.01129         0    0.0394        22       640    0.7945     0.664    0.7235    0.3665   0.07048   0.05113         0
    66/299     4.13G    0.0268   0.01149         0   0.03829        27       640    0.7636    0.6585    0.6982    0.3733    0.0694   0.05219         0
    67/299     4.13G   0.02689   0.01067         0   0.03756        13       640    0.7574    0.6612    0.7018    0.3672   0.06977   0.05378         0
    68/299     4.13G    0.0257   0.01108         0   0.03678        33       640    0.7559    0.6558    0.7194    0.3781    0.0684   0.05187         0
    69/299     4.13G   0.02767   0.01127         0   0.03894        10       640      0.74    0.6883    0.7334    0.3726   0.06985   0.05255         0
    70/299     4.13G   0.02732   0.01129         0   0.03861        16       640    0.7773    0.6721    0.7176    0.3703   0.06812   0.05416         0
    71/299     4.13G   0.02612   0.01101         0   0.03713        11       640    0.7418    0.6773    0.7003    0.3616   0.06819   0.05417         0
    72/299     4.13G   0.02609   0.01083         0   0.03692        13       640    0.7861    0.6396    0.7033    0.3647   0.06791   0.05403         0
    73/299     4.13G   0.02475   0.01078         0   0.03553        20       640    0.7825     0.645    0.6928     0.356   0.06858   0.05426         0
    74/299     4.13G    0.0264   0.01076         0   0.03716        13       640    0.7559    0.6964     0.705    0.3768    0.0678    0.0546         0
    75/299     4.13G   0.02562    0.0101         0   0.03573        12       640    0.7872    0.7019    0.6969    0.3587   0.06783   0.05476         0
    76/299     4.13G   0.02499   0.01079         0   0.03577        37       640    0.7267    0.7073    0.6928    0.3736   0.06777   0.05511         0
    77/299     4.13G   0.02505   0.01051         0   0.03556        11       640    0.7938    0.6504     0.715    0.3889   0.06669   0.05612         0
    78/299     4.13G   0.02601   0.01099         0   0.03699        36       640       0.8    0.6502    0.7053    0.3868   0.06818   0.05488         0
    79/299     4.13G   0.02571   0.01042         0   0.03613        28       640    0.7897    0.6721    0.7135    0.3814   0.06804   0.05627         0
    80/299     4.13G   0.02484   0.01043         0   0.03527         7       640    0.7934    0.6662    0.7091     0.379   0.06811    0.0557         0
    81/299     4.13G   0.02425   0.01003         0   0.03428        11       640    0.7402    0.6802    0.7126    0.3748   0.06823   0.05499         0
    82/299     4.13G   0.02422   0.01023         0   0.03445        19       640    0.7815    0.6612    0.7018      0.38     0.069   0.05464         0
    83/299     4.13G   0.02433    0.0106         0   0.03493        37       640    0.8371    0.6558    0.7116    0.4069   0.06824   0.05405         0
    84/299     4.13G   0.02381   0.01018         0     0.034        10       640    0.7431    0.6829    0.7123    0.3903   0.06872   0.05317         0
    85/299     4.13G   0.02538   0.01076         0   0.03614        25       640    0.7979    0.6856    0.7043    0.3902   0.06921   0.05419         0
    86/299     4.13G   0.02367   0.01001         0   0.03368        16       640    0.8297    0.6233    0.7104    0.3961   0.06866   0.05382         0
    87/299     4.13G    0.0241   0.01006         0   0.03417        12       640    0.7725    0.6258    0.6883    0.3921   0.06897     0.054         0
    88/299     4.13G   0.02454   0.01008         0   0.03461        55       640    0.7515    0.6314    0.6959    0.4018   0.06927   0.05417         0
    89/299     4.13G   0.02258  0.009743         0   0.03233        25       640    0.7997    0.6369    0.7113    0.3975   0.06792   0.05432         0
    90/299     4.13G   0.02363   0.01077         0    0.0344         8       640    0.7715    0.6497    0.7021    0.3931   0.06848   0.05514         0
    91/299     4.13G   0.02222  0.009609         0   0.03183        23       640    0.8157    0.6476    0.7107    0.4056   0.06794   0.05564         0
    92/299     4.13G   0.02345  0.009875         0   0.03333        13       640    0.8235    0.6447    0.7206    0.4065   0.06764   0.05561         0
    93/299     4.13G   0.02271  0.009724         0   0.03243        34       640    0.7516    0.6477    0.6858    0.3843   0.06882   0.05563         0
    94/299     4.13G   0.02288  0.009707         0   0.03259         6       640    0.7784    0.6477    0.7134    0.3925    0.0676   0.05591         0
    95/299     4.13G    0.0226  0.009817         0   0.03241        20       640    0.8106    0.6287     0.704    0.3887   0.06694   0.05633         0
    96/299     4.13G   0.02268  0.009689         0   0.03236        16       640    0.7855    0.6151     0.692    0.3893   0.06676   0.05657         0
    97/299     4.13G   0.02293  0.009857         0   0.03278         6       640    0.7568    0.6748    0.6957    0.3964   0.06822   0.05736         0
    98/299     4.13G   0.02306  0.009745         0   0.03281        29       640    0.8825    0.6125    0.7209    0.4054   0.06753    0.0572         0
    99/299     4.13G   0.02133  0.009414         0   0.03075         7       640     0.851      0.65    0.7199     0.397   0.06737    0.0567         0
   100/299     4.13G   0.02164  0.009311         0   0.03096        16       640    0.8437     0.645    0.7012    0.3956   0.06782    0.0578         0
   101/299     4.13G   0.02203   0.00931         0   0.03134        35       640    0.8635    0.6179    0.7154    0.3981   0.06532   0.06031         0
   102/299     4.13G   0.02122  0.009604         0   0.03082        21       640     0.849     0.626    0.7321    0.4105   0.06601    0.0589         0
   103/299     4.13G   0.02168  0.009644         0   0.03133        13       640    0.7545    0.6747    0.7059    0.4031   0.06651   0.05917         0
   104/299     4.13G   0.02136  0.009657         0   0.03101        25       640    0.8245    0.6369    0.7201    0.4087   0.06561   0.05859         0
   105/299     4.13G   0.02094  0.009104         0   0.03005        18       640    0.8263    0.6444    0.7241    0.4179   0.06629   0.05845         0
   106/299     4.13G   0.02111  0.009133         0   0.03024        24       640    0.7932    0.6694    0.7116    0.4185   0.06453   0.05993         0
   107/299     4.13G   0.02093  0.009493         0   0.03042        18       640    0.7737    0.6856    0.7125      0.41   0.06428   0.05937         0
   108/299     4.13G   0.02106  0.009662         0   0.03072        19       640    0.8068    0.6341    0.7023    0.4106   0.06587   0.05823         0
   109/299     4.13G   0.02172  0.009755         0   0.03147        18       640      0.83     0.664    0.7294     0.411   0.06491   0.05858         0
   110/299     4.13G   0.02146  0.009363         0   0.03083         9       640     0.801    0.6667    0.7239    0.4188   0.06492   0.05884         0
   111/299     4.13G   0.02059  0.008916         0   0.02951        14       640     0.787    0.6721    0.7102    0.4157   0.06374   0.05957         0
   112/299     4.13G   0.02087  0.009242         0   0.03011        12       640    0.7741    0.6694    0.7171    0.4167   0.06441   0.05945         0
   113/299     4.13G   0.02026  0.009047         0   0.02931        13       640    0.8357    0.6206    0.6896    0.4125   0.06442   0.06025         0
   114/299     4.13G   0.02082  0.009041         0   0.02986         9       640    0.7592    0.6667    0.6971    0.4033   0.06412   0.06056         0
   115/299     4.13G    0.0216  0.009551         0   0.03115        21       640    0.8044    0.6369    0.6873    0.4029   0.06517   0.05921         0
   116/299     4.13G   0.01958  0.009203         0   0.02878        20       640    0.8109    0.6992    0.7209    0.4051   0.06432   0.05912         0
   117/299     4.13G   0.01983  0.008981         0   0.02881        45       640    0.7826    0.6829    0.7266    0.4097   0.06415   0.05861         0
   118/299     4.13G   0.01951  0.008754         0   0.02826        13       640    0.7939    0.6531    0.7277    0.4226   0.06246   0.06046         0
   119/299     4.13G   0.02044   0.00938         0   0.02982        15       640    0.8306    0.6775    0.7393    0.4261   0.06115   0.06266         0
   120/299     4.13G   0.02108  0.009676         0   0.03076        18       640    0.8125    0.6694    0.7222    0.4207   0.06169    0.0619         0
   121/299     4.13G   0.02038  0.009259         0   0.02964        13       640    0.8287    0.6557    0.7327    0.4315   0.06204   0.06173         0
   122/299     4.13G   0.02015  0.008981         0   0.02913        10       640    0.7986    0.6449    0.7086    0.4145    0.0624   0.06168         0
   123/299     4.13G   0.01885  0.009388         0   0.02824        13       640    0.8691    0.6476    0.7464    0.4268   0.06012    0.0617         0
   124/299     4.13G   0.01904  0.009151         0   0.02819        10       640    0.8098    0.6694    0.7268    0.4322   0.05962   0.06251         0
   125/299     4.13G   0.01873  0.008335         0   0.02707         6       640    0.8131    0.6721    0.7424    0.4213   0.05997    0.0626         0
   126/299     4.13G   0.01884  0.009103         0   0.02794        20       640    0.7802    0.6639    0.7189    0.4089   0.06001   0.06386         0
   127/299     4.13G   0.01938  0.009089         0   0.02847        22       640    0.8345    0.6287    0.7101    0.4179   0.06131    0.0639         0
   128/299     4.13G   0.01979   0.00853         0   0.02832        23       640    0.8478    0.6341    0.7106    0.4115   0.06014   0.06381         0
   129/299     4.13G   0.01873  0.008739         0   0.02746        21       640     0.777    0.6802    0.7128    0.4255   0.05993   0.06523         0
   130/299     4.13G   0.01891  0.008602         0   0.02751        22       640    0.8095    0.6448    0.6978    0.4137   0.06053   0.06421         0
   131/299     4.13G   0.01911   0.00894         0   0.02805        26       640    0.8434    0.6287    0.7108    0.4188   0.06067   0.06505         0
   132/299     4.13G   0.01819  0.008675         0   0.02687        20       640    0.7906    0.6856    0.7202    0.4266   0.05907   0.06564         0
   133/299     4.13G   0.01883  0.008488         0   0.02732        13       640    0.7985     0.645    0.7034    0.4206   0.06011   0.06566         0
   134/299     4.13G    0.0189  0.008841         0   0.02774        21       640    0.7927    0.6529    0.7134    0.4263   0.06151   0.06372         0
   135/299     4.13G   0.01878  0.008934         0   0.02772        26       640     0.773    0.6828    0.7251    0.4303   0.05884   0.06434         0
   136/299     4.13G   0.01863    0.0087         0   0.02733        11       640    0.8129    0.6476    0.7094    0.4372   0.05792   0.06449         0
   137/299     4.13G   0.01825  0.008452         0    0.0267        32       640    0.7837    0.6775    0.7143    0.4377   0.05959   0.06684         0
   138/299     4.13G   0.01847  0.008539         0   0.02701        27       640    0.7645    0.6965    0.7194    0.4227   0.05846   0.06546         0
   139/299     4.13G   0.01842  0.008481         0    0.0269        11       640    0.8128    0.6477     0.723    0.4332   0.05965    0.0673         0
   140/299     4.13G   0.01761  0.008455         0   0.02607        26       640    0.8219    0.6504     0.716    0.4306   0.05919   0.06862         0
   141/299     4.13G   0.01798  0.008218         0   0.02619         7       640    0.8138    0.6396    0.7159    0.4187    0.0587   0.06838         0
   142/299     4.13G   0.01762  0.008745         0   0.02637        24       640    0.8025    0.6504    0.7105    0.4216   0.05851    0.0669         0
   143/299     4.13G    0.0172  0.008376         0   0.02558        21       640    0.7774     0.653    0.7104    0.4234   0.05813    0.0672         0
   144/299     4.13G   0.01741  0.008375         0   0.02578        12       640    0.8339    0.6396    0.7341    0.4418   0.05781   0.06735         0
   145/299     4.13G   0.01712  0.008041         0   0.02516        20       640    0.7953    0.6748    0.7182    0.4319   0.05913   0.06666         0
   146/299     4.13G   0.01728   0.00853         0   0.02581        23       640    0.8412    0.6477    0.7234    0.4461   0.05821   0.06669         0
   147/299     4.13G   0.01714  0.008266         0   0.02541        17       640    0.7656    0.6829    0.7132    0.4362   0.05829   0.06584         0
   148/299     4.13G   0.01609   0.00802         0   0.02411        12       640    0.8056    0.6748    0.7254    0.4352   0.05828   0.06644         0
   149/299     4.13G   0.01715  0.008032         0   0.02518        14       640     0.772    0.6883    0.7178    0.4462    0.0578   0.06755         0
   150/299     4.13G   0.01657  0.007812         0   0.02439        12       640    0.7828    0.6935    0.7321    0.4468   0.05704   0.06678         0
   151/299     4.13G   0.01665  0.008279         0   0.02493        16       640    0.8197    0.6423    0.7193    0.4413    0.0583   0.06636         0
   152/299     4.13G   0.01682  0.008161         0   0.02498        31       640    0.8409    0.6477    0.7303    0.4476   0.05828    0.0671         0
   153/299     4.13G   0.01618  0.007832         0   0.02401        17       640    0.8006    0.6639    0.7195    0.4435   0.05833   0.06766         0
   154/299     4.13G   0.01668  0.007976         0   0.02466        16       640      0.81    0.6585    0.7167    0.4394   0.05868   0.06861         0
   155/299     4.13G   0.01651  0.008183         0   0.02469        26       640    0.7868    0.6801    0.7281    0.4368   0.05791   0.06799         0
   156/299     4.13G   0.01578  0.007593         0   0.02337        21       640    0.7484    0.6692    0.6932    0.4216   0.05775   0.06866         0
   157/299     4.13G   0.01691  0.007962         0   0.02487         6       640    0.7815    0.6694    0.7159    0.4347   0.05741   0.06897         0
   158/299     4.13G   0.01606  0.007632         0   0.02369        32       640    0.7842    0.6504    0.7044    0.4279   0.05764   0.06962         0
   159/299     4.13G   0.01619  0.008276         0   0.02446        57       640    0.8545    0.6366    0.7192    0.4343   0.05825   0.06917         0
   160/299     4.13G   0.01634  0.007881         0   0.02422        11       640    0.7998    0.6396    0.7056    0.4342    0.0582   0.06858         0
   161/299     4.13G   0.01577  0.007815         0   0.02359         9       640    0.8188    0.6396     0.716    0.4429   0.05739   0.06873         0
   162/299     4.13G   0.01634  0.007736         0   0.02407        11       640    0.7958    0.6775    0.7177    0.4396   0.05787   0.06835         0
   163/299     4.13G   0.01621  0.008053         0   0.02426        14       640    0.7733    0.6747    0.7153    0.4399   0.05782   0.06902         0
   164/299     4.13G   0.01555  0.007541         0   0.02309        20       640    0.7583    0.6801    0.7172    0.4431   0.05758   0.06876         0
   165/299     4.13G   0.01564  0.007852         0   0.02349        36       640    0.8333    0.6368     0.718     0.444    0.0584   0.06815         0
   166/299     4.13G    0.0151  0.007455         0   0.02255        11       640    0.8026    0.6504    0.7182    0.4326   0.05827    0.0686         0
   167/299     4.13G   0.01536  0.007835         0    0.0232         5       640    0.8475    0.6477    0.7201    0.4386   0.05859    0.0682         0
   168/299     4.13G   0.01545  0.007515         0   0.02296        16       640    0.8046    0.6477    0.7055    0.4279   0.05878   0.06855         0
   169/299     4.13G   0.01468  0.007196         0   0.02188        21       640    0.7781    0.6558    0.7069    0.4386   0.05786   0.07091         0
   170/299     4.13G   0.01509  0.007339         0   0.02243         8       640    0.8454    0.6233    0.7089    0.4447   0.05708   0.07055         0
   171/299     4.13G   0.01502  0.007709         0   0.02273        23       640     0.832     0.645    0.7131    0.4444    0.0564   0.06992         0
   172/299     4.13G   0.01484   0.00743         0   0.02227        10       640    0.8116     0.642    0.7043    0.4433   0.05672    0.0709         0
   173/299     4.13G   0.01465  0.007387         0   0.02203         8       640    0.7729    0.6639    0.7065    0.4406   0.05662   0.07101         0
   174/299     4.13G    0.0146  0.007564         0   0.02217        24       640    0.7925    0.6531    0.7099    0.4428   0.05702   0.07099         0
   175/299     4.13G   0.01476  0.007377         0   0.02214        24       640    0.7736    0.6856     0.713    0.4456   0.05718   0.07101         0
   176/299     4.13G   0.01461  0.007459         0   0.02207        28       640    0.8618    0.6252    0.7089    0.4465   0.05749   0.07209         0
   177/299     4.13G   0.01375  0.007079         0   0.02083         9       640    0.8203    0.6558    0.7094    0.4469   0.05716   0.07042         0
   178/299     4.13G   0.01467  0.007443         0   0.02211        19       640    0.7967     0.669    0.7036    0.4489   0.05717   0.07193         0
   179/299     4.13G   0.01426  0.007162         0   0.02142        23       640    0.7784    0.6856    0.7032    0.4415   0.05709   0.07172         0
   180/299     4.13G   0.01411  0.007339         0   0.02145        12       640    0.8345    0.6287    0.7068    0.4353   0.05668   0.07278         0
   181/299     4.13G   0.01477   0.00751         0   0.02228        13       640    0.7994    0.6396    0.6927    0.4414   0.05683    0.0738         0
   182/299     4.13G   0.01409  0.007231         0   0.02132        17       640    0.7983    0.6233    0.6891    0.4399    0.0576   0.07323         0
   183/299     4.13G   0.01404  0.007643         0   0.02168         9       640    0.8074    0.6477    0.6981    0.4334   0.05738   0.07335         0
   184/299     4.13G   0.01456  0.007066         0   0.02163        20       640    0.8229    0.6423    0.7076    0.4381   0.05742   0.07299         0
   185/299     4.13G   0.01415  0.007331         0   0.02148        19       640    0.7887    0.6585    0.7009    0.4394    0.0574   0.07358         0
   186/299     4.13G   0.01428  0.007288         0   0.02157        18       640    0.8387     0.634    0.6976    0.4423   0.05669     0.074         0
   187/299     4.13G    0.0138  0.007459         0   0.02125        13       640    0.8369     0.626    0.6945    0.4374   0.05658   0.07451         0
   188/299     4.13G   0.01349  0.006985         0   0.02047         7       640    0.7896    0.6612    0.6941    0.4409   0.05626   0.07527         0
   189/299     4.13G   0.01403  0.007202         0   0.02123         5       640      0.82    0.6423    0.6873    0.4396   0.05624   0.07467         0
   190/299     4.13G   0.01394  0.007627         0   0.02157        23       640    0.8185    0.6477    0.6945    0.4374   0.05662   0.07435         0
   191/299     4.13G    0.0137  0.007275         0   0.02097        15       640    0.8641    0.6204    0.7053    0.4345   0.05681   0.07479         0
   192/299     4.13G   0.01357  0.006912         0   0.02048         7       640    0.8524    0.6125    0.6896    0.4356   0.05595   0.07568         0
   193/299     4.13G   0.01362  0.007056         0   0.02068        21       640    0.7993    0.6369     0.688    0.4456   0.05558   0.07583         0
   194/299     4.13G   0.01361  0.006962         0   0.02057        10       640    0.8598    0.5989    0.6887    0.4468   0.05565   0.07584         0
   195/299     4.13G   0.01333  0.006954         0   0.02028        20       640    0.8426    0.5962    0.6884    0.4421   0.05601   0.07534         0
   196/299     4.13G   0.01296   0.00685         0   0.01981        22       640    0.8272    0.6233    0.6986    0.4451    0.0554   0.07424         0
   197/299     4.13G   0.01322  0.007023         0   0.02024        21       640    0.8133    0.6504    0.6981    0.4452   0.05488   0.07475         0
   198/299     4.13G    0.0127  0.006595         0    0.0193        10       640    0.8806    0.6206      0.71    0.4455   0.05525   0.07531         0
   199/299     4.13G   0.01285  0.006948         0    0.0198        22       640     0.843     0.626    0.6964     0.446   0.05562   0.07588         0
   200/299     4.13G    0.0131  0.007125         0   0.02023         9       640    0.8637    0.6016    0.6941    0.4547     0.056   0.07612         0
   201/299     4.13G   0.01303  0.006859         0   0.01989        20       640    0.8672    0.6015    0.6995    0.4535   0.05542   0.07583         0
   202/299     4.13G    0.0126  0.006669         0   0.01926        35       640    0.8196    0.6287    0.6835    0.4485    0.0561   0.07779         0
   203/299     4.13G    0.0129  0.007235         0   0.02014         8       640    0.7912    0.6369    0.6844    0.4536   0.05629   0.07687         0
   204/299     4.13G   0.01258  0.006957         0   0.01954        16       640    0.7747    0.6531    0.6946    0.4576   0.05596   0.07692         0
   205/299     4.13G   0.01266  0.006849         0   0.01951        18       640    0.8432    0.6122    0.6898    0.4452   0.05645   0.07762         0
   206/299     4.13G   0.01252  0.006817         0   0.01934        30       640    0.7879     0.645    0.6849    0.4384   0.05598   0.07852         0
   207/299     4.13G   0.01267  0.006674         0   0.01934        20       640       0.8    0.6504    0.7006    0.4391     0.056   0.07794         0
   208/299     4.13G   0.01237  0.007093         0   0.01946        24       640    0.8263     0.645    0.6981    0.4401    0.0563   0.07762         0
   209/299     4.13G   0.01238  0.006733         0   0.01912        16       640    0.8259    0.6558     0.713    0.4553   0.05551   0.07608         0
   210/299     4.13G   0.01243  0.006615         0   0.01904        23       640    0.8219    0.6667    0.7066    0.4461   0.05557   0.07696         0
   211/299     4.13G   0.01247  0.006907         0   0.01938        16       640    0.8006    0.6748    0.6999    0.4513   0.05556   0.07664         0
   212/299     4.13G   0.01237  0.006749         0   0.01912        21       640    0.8514    0.6368    0.6987    0.4512   0.05544    0.0758         0
   213/299     4.13G   0.01232  0.006709         0   0.01903        18       640    0.8356    0.6369    0.6939    0.4511   0.05597   0.07701         0
   214/299     4.13G   0.01218  0.006583         0   0.01876        12       640    0.8524    0.6259    0.7096    0.4601   0.05524   0.07725         0
   215/299     4.13G   0.01213  0.006458         0   0.01859        22       640    0.8303    0.6232    0.6956    0.4531   0.05599   0.07668         0
   216/299     4.13G   0.01234  0.006628         0   0.01897        12       640    0.8279    0.6396    0.7067    0.4524   0.05604   0.07665         0
   217/299     4.13G   0.01185  0.006798         0   0.01865        20       640    0.8114    0.6531    0.7037    0.4557   0.05539   0.07707         0
   218/299     4.13G   0.01213    0.0064         0   0.01853        14       640       0.8    0.6394    0.6897    0.4516   0.05557   0.07824         0
   219/299     4.13G   0.01206  0.006361         0   0.01842        13       640    0.7763    0.6585     0.689    0.4546   0.05581   0.07844         0
   220/299     4.13G   0.01207  0.006674         0   0.01874         5       640    0.8357    0.6205    0.7061     0.453    0.0557   0.07761         0
   221/299     4.13G   0.01166  0.006611         0   0.01827        15       640    0.7756    0.6557    0.6969    0.4522   0.05565   0.07914         0
   222/299     4.13G   0.01198  0.006412         0   0.01839        11       640    0.8096    0.6341    0.6993    0.4571    0.0552   0.07955         0
   223/299     4.13G   0.01188  0.006384         0   0.01827        22       640    0.8268     0.634    0.7117    0.4623   0.05511    0.0797         0
   224/299     4.13G   0.01155   0.00638         0   0.01793        18       640    0.8008    0.6558    0.7042    0.4604   0.05566   0.07956         0
   225/299     4.13G   0.01173  0.006384         0   0.01811         6       640    0.8175    0.6314    0.6915    0.4497    0.0557   0.07954         0
   226/299     4.13G   0.01145  0.006724         0   0.01818        13       640    0.8103    0.6367     0.701    0.4509   0.05579    0.0789         0
   227/299     4.13G   0.01159  0.006141         0   0.01773        12       640    0.8333     0.623    0.7113    0.4562   0.05528   0.07858         0
   228/299     4.13G   0.01151  0.006328         0   0.01784        14       640    0.8303    0.6233    0.7035    0.4518   0.05554    0.0796         0
   229/299     4.13G   0.01157  0.006132         0   0.01771        18       640    0.8181    0.6341     0.705    0.4588   0.05566   0.08091         0
   230/299     4.13G   0.01146  0.006066         0   0.01752        12       640    0.8304    0.6368    0.7026     0.454   0.05559    0.0811         0
   231/299     4.13G   0.01148   0.00652         0     0.018        25       640    0.8481    0.6205    0.7023    0.4556   0.05573   0.08138         0
   232/299     4.13G   0.01139  0.006337         0   0.01773        14       640    0.8362    0.6233    0.6994    0.4538   0.05524   0.08029         0
   233/299     4.13G   0.01135  0.006214         0   0.01756        10       640    0.7828     0.645    0.6935    0.4579   0.05554   0.07979         0
   234/299     4.13G   0.01141  0.006259         0   0.01766        26       640     0.811    0.6395    0.6924    0.4507   0.05574   0.07993         0
   235/299     4.13G   0.01142   0.00616         0   0.01758        40       640    0.8209    0.6341    0.6947    0.4511   0.05562   0.08036         0
   236/299     4.13G   0.01135  0.006048         0    0.0174        22       640    0.8102    0.6369    0.6912    0.4493   0.05573   0.08057         0
   237/299     4.13G   0.01094  0.006117         0   0.01706        28       640    0.8203    0.6314    0.6893    0.4526   0.05549   0.08057         0
   238/299     4.13G   0.01115  0.006423         0   0.01757         6       640    0.8267    0.6341    0.7007    0.4548    0.0556   0.07892         0
   239/299     4.13G   0.01102  0.006136         0   0.01715        24       640    0.8026    0.6612     0.701    0.4551   0.05559   0.07986         0
   240/299     4.13G   0.01131  0.005905         0   0.01722        24       640    0.8113    0.6531    0.6917    0.4527   0.05595   0.08092         0
   241/299     4.13G   0.01135  0.006235         0   0.01758        14       640    0.8503    0.6313     0.699    0.4527   0.05582   0.08012         0
   242/299     4.13G   0.01124  0.006252         0   0.01749        29       640    0.8113    0.6531    0.6935    0.4509   0.05584   0.08097         0
   243/299     4.13G   0.01117  0.006376         0   0.01754        18       640    0.8205    0.6442    0.6919    0.4502   0.05556   0.08075         0
   244/299     4.13G   0.01123  0.006232         0   0.01746        12       640    0.8327    0.6341    0.6915    0.4503   0.05524   0.08123         0
   245/299     4.13G   0.01131  0.006367         0   0.01768         9       640    0.8304    0.6368    0.6964    0.4523   0.05487    0.0814         0
   246/299     4.13G   0.01105  0.006467         0   0.01752         9       640    0.8188    0.6368    0.6961    0.4547   0.05452   0.08198         0
   247/299     4.13G   0.01083  0.005945         0   0.01678        13       640    0.7735    0.6477    0.6927    0.4599   0.05482   0.08209         0
   248/299     4.13G   0.01106  0.005855         0   0.01692        24       640    0.8395    0.6098    0.6855    0.4492   0.05511   0.08199         0
   249/299     4.13G   0.01093  0.006185         0   0.01712        45       640     0.823    0.6179    0.6894    0.4567   0.05502   0.08194         0
   250/299     4.13G     0.011  0.005941         0   0.01694        15       640    0.8266    0.6206    0.6899    0.4569   0.05516   0.08221         0
   251/299     4.13G    0.0109  0.006151         0   0.01706        18       640    0.8382     0.607    0.6833     0.456   0.05528   0.08272         0
   252/299     4.13G   0.01081  0.006157         0   0.01697        18       640    0.8303    0.6233    0.6903    0.4558    0.0551   0.08199         0
   253/299     4.13G   0.01097  0.005907         0   0.01688         7       640    0.7915    0.6585    0.6892    0.4556   0.05548   0.08186         0
   254/299     4.13G   0.01093  0.006265         0   0.01719        13       640    0.7788    0.6585    0.6881     0.456   0.05555   0.08189         0
   255/299     4.13G     0.011  0.006082         0   0.01708        37       640    0.8054    0.6504     0.691     0.453    0.0555   0.08165         0
   256/299     4.13G   0.01053  0.006055         0   0.01659        26       640    0.7827     0.664    0.6914    0.4547   0.05545   0.08187         0
   257/299     4.13G   0.01077  0.005602         0   0.01637        18       640    0.8171    0.6423    0.6858    0.4474    0.0554   0.08245         0
   258/299     4.13G    0.0107  0.006031         0   0.01673        31       640    0.8058    0.6423    0.6865    0.4521   0.05555   0.08243         0
   259/299     4.13G   0.01048  0.005977         0   0.01646        18       640    0.8066    0.6341    0.6856    0.4516   0.05575   0.08271         0
   260/299     4.13G   0.01046  0.005785         0   0.01625         9       640    0.7998    0.6396    0.6819    0.4494   0.05596   0.08268         0
   261/299     4.13G    0.0104    0.0059         0    0.0163        16       640    0.7995    0.6531    0.6864    0.4501   0.05579   0.08239         0
   262/299     4.13G    0.0104  0.005898         0    0.0163        13       640    0.7781    0.6558    0.6861    0.4504   0.05536   0.08271         0
   263/299     4.13G   0.01054  0.005979         0   0.01652        17       640    0.7813    0.6585    0.6894    0.4511   0.05505   0.08334         0
   264/299     4.13G   0.01045   0.00573         0   0.01618        10       640    0.7641    0.6585    0.6871    0.4523    0.0551   0.08385         0
   265/299     4.13G   0.01075   0.00597         0   0.01672        13       640    0.7748     0.664    0.6953    0.4519   0.05496   0.08389         0
   266/299     4.13G   0.01065  0.005956         0    0.0166        16       640    0.8116     0.642    0.6948    0.4558   0.05475   0.08332         0
   267/299     4.13G   0.01011  0.005771         0   0.01588        27       640    0.8197    0.6531    0.6946     0.458    0.0551   0.08313         0
   268/299     4.13G   0.01059   0.00589         0   0.01648        17       640    0.8012    0.6558    0.6978    0.4604   0.05484   0.08284         0
   269/299     4.13G   0.01051  0.006197         0   0.01671        30       640    0.7941    0.6585    0.6956    0.4597   0.05472   0.08296         0
   270/299     4.13G   0.01032  0.005679         0     0.016        35       640    0.8116    0.6423    0.6928    0.4576    0.0548   0.08303         0
   271/299     4.13G   0.01043  0.005984         0   0.01642        24       640    0.8116    0.6423    0.6934    0.4542   0.05475   0.08264         0
   272/299     4.13G   0.01085  0.005892         0   0.01674        12       640    0.8794    0.6124    0.6935    0.4554   0.05456   0.08316         0
   273/299     4.13G   0.01051  0.006037         0   0.01655         7       640    0.8339     0.626     0.694    0.4546   0.05474    0.0836         0
   274/299     4.13G   0.01023  0.005541         0   0.01577        18       640    0.8161    0.6504    0.7006    0.4584   0.05469    0.0831         0
   275/299     4.13G   0.01023  0.005766         0   0.01599         7       640    0.8059    0.6638    0.6985    0.4547   0.05482   0.08363         0
   276/299     4.13G   0.01019  0.005691         0   0.01588        11       640    0.8363    0.6368    0.6932    0.4577   0.05483   0.08395         0
   277/299     4.13G   0.01023   0.00587         0    0.0161        10       640    0.8356    0.6341    0.6948    0.4603   0.05471   0.08399         0
   278/299     4.13G   0.01041  0.005872         0   0.01628        26       640    0.8528    0.6287    0.6946    0.4585   0.05494   0.08434         0
   279/299     4.13G   0.01029  0.005832         0   0.01612        18       640    0.8163    0.6504    0.6932    0.4565    0.0548   0.08353         0
   280/299     4.13G   0.01015  0.005554         0   0.01571         9       640    0.8269    0.6474    0.6874    0.4559    0.0551    0.0837         0
   281/299     4.13G   0.01049  0.005787         0   0.01627        21       640    0.7973    0.6504    0.6897    0.4578   0.05491   0.08396         0
   282/299     4.13G   0.01017   0.00595         0   0.01612        23       640    0.8233    0.6313    0.6925    0.4545   0.05485   0.08403         0
   283/299     4.13G   0.01023  0.005818         0   0.01605        25       640    0.8501     0.615    0.6921     0.457   0.05463   0.08369         0
   284/299     4.13G   0.01042  0.005841         0   0.01626        29       640    0.8165    0.6396    0.6917    0.4575   0.05486   0.08387         0
   285/299     4.13G   0.01047  0.006001         0   0.01647        30       640    0.8251    0.6394    0.6879    0.4552   0.05485   0.08397         0
   286/299     4.13G   0.01018  0.005651         0   0.01583         9       640     0.808    0.6504    0.6901    0.4548   0.05479   0.08373         0
   287/299     4.13G   0.01019  0.005659         0   0.01585        18       640    0.7865    0.6694    0.6853    0.4523   0.05521   0.08477         0
   288/299     4.13G   0.01042  0.006097         0   0.01651        26       640    0.7915    0.6585    0.6861    0.4502   0.05495   0.08422         0
   289/299     4.13G   0.01034  0.005906         0   0.01624        32       640     0.777    0.6611    0.6913    0.4556   0.05497   0.08401         0
   290/299     4.13G   0.01025  0.005678         0   0.01592        11       640     0.765    0.6721    0.6866     0.454   0.05478   0.08451         0
   291/299     4.13G   0.01035  0.005842         0    0.0162        30       640     0.782    0.6611     0.688    0.4577    0.0548   0.08429         0
   292/299     4.13G  0.009962  0.005806         0   0.01577         8       640    0.7901    0.6531    0.6903    0.4558   0.05487   0.08457         0
   293/299     4.13G   0.01004  0.005653         0   0.01569        34       640    0.8068     0.645    0.6879    0.4583   0.05499   0.08456         0
   294/299     4.13G  0.009962  0.005323         0   0.01528        38       640    0.8298     0.634    0.6877    0.4534   0.05517   0.08481         0
   295/299     4.13G  0.009692  0.005673         0   0.01537        14       640    0.8102    0.6477    0.6921    0.4598   0.05498   0.08488         0
   296/299     4.13G  0.009984  0.005709         0   0.01569        13       640    0.8424    0.6231    0.6887     0.452   0.05479    0.0846         0
   297/299     4.13G   0.01012  0.005506         0   0.01563        17       640    0.8256    0.6287    0.6846    0.4536   0.05468   0.08567         0
   298/299     4.13G  0.009764  0.005703         0   0.01547         6       640    0.8198    0.6287    0.6855    0.4532    0.0547   0.08542         0
   299/299     4.13G  0.009947  0.005833         0   0.01578         5       640     0.811    0.6394    0.6939    0.4573   0.05435    0.0851         0
