     0/299     3.82G   0.06526   0.01694   0.01494   0.09714        22       640   0.03915    0.1548   0.02362  0.004688    0.1095   0.01689   0.02092
     1/299     3.64G   0.06109   0.01434   0.01098   0.08641        13       640    0.2381     0.163    0.1941   0.04616    0.1022    0.0149   0.01605
     2/299      4.1G   0.05825   0.01343  0.008198   0.07988        15       640    0.7523    0.2717    0.2469   0.05985   0.09773   0.01375   0.01243
     3/299      4.1G   0.05707   0.01186  0.005587   0.07452        10       640    0.7561    0.1848    0.2775   0.06406    0.1016   0.01184   0.01114
     4/299      4.1G   0.05594   0.01089  0.004668   0.07149        14       640    0.3508    0.6015    0.3149   0.06925   0.09707   0.01145   0.01057
     5/299      4.1G    0.0538  0.009878  0.004063   0.06775        13       640    0.3627    0.4345    0.3209   0.09258    0.1003   0.01181  0.008455
     6/299      4.1G   0.05061   0.01014  0.003941   0.06469        13       640    0.3758    0.4736    0.3601    0.0712   0.09945   0.01129  0.008859
     7/299      4.1G   0.05015   0.01012  0.003844   0.06411        16       640    0.6498    0.4154    0.4744    0.1629   0.09868   0.01138  0.007447
     8/299      4.1G    0.0506   0.01003  0.003827   0.06446        16       640    0.3185    0.2622    0.2691   0.05824    0.1074   0.01108  0.008458
     9/299      4.1G   0.04944   0.01006  0.004056   0.06356         7       640    0.2651     0.354     0.175   0.04755    0.1045   0.01189  0.007983
    10/299      4.1G   0.04773    0.0104  0.003633   0.06176         8       640    0.2595    0.4464    0.2403    0.0814    0.1057   0.01144  0.008359
    11/299      4.1G   0.04827   0.01049  0.003878   0.06263        16       640    0.3643    0.3136    0.2528   0.05906    0.1042   0.01188  0.009263
    12/299      4.1G   0.04274   0.01002  0.003023   0.05579        18       640    0.3561    0.3416    0.2646   0.06794    0.1016   0.01201  0.008442
    13/299      4.1G   0.04328   0.01048  0.003301   0.05706        16       640    0.3518    0.3327    0.2841   0.07955    0.1061   0.01086  0.008002
    14/299      4.1G   0.04329  0.009856  0.003005   0.05615        14       640    0.1849    0.3773    0.1468   0.05163    0.1103   0.01163  0.009106
    15/299      4.1G    0.0452   0.01021  0.003012   0.05842        14       640     0.133    0.3258   0.09714   0.02632    0.1087   0.01151   0.01036
    16/299      4.1G   0.04487   0.00999  0.003604   0.05846        31       640    0.3863    0.2957    0.2547   0.07489    0.1038   0.01256   0.01078
    17/299      4.1G   0.04126    0.0105  0.002667   0.05442        15       640    0.3991    0.3598    0.3018   0.08906     0.101   0.01258  0.008387
    18/299      4.1G   0.04016   0.01028  0.002451   0.05289        13       640    0.4739    0.4152    0.3458    0.1016   0.09978   0.01187  0.007597
    19/299      4.1G   0.04235   0.01041   0.00238   0.05514        12       640    0.5178     0.365    0.3257    0.1076    0.1009   0.01176   0.00946
    20/299      4.1G   0.04422  0.009775  0.002647   0.05664        13       640    0.4703    0.4032    0.3193   0.09861     0.102   0.01128  0.009389
    21/299      4.1G    0.0452    0.0102  0.002301    0.0577        19       640    0.3506    0.3884    0.3045   0.09345    0.1023   0.01116  0.009741
    22/299      4.1G   0.04353   0.01041  0.002472   0.05642        18       640    0.6302    0.4194    0.4762    0.1724   0.09522   0.01121  0.008811
    23/299      4.1G   0.04245   0.01004  0.002135   0.05463        15       640    0.8199    0.3924    0.4644    0.1737   0.09931   0.01104  0.009517
    24/299      4.1G   0.04061   0.01017  0.001942   0.05272        13       640    0.7964    0.4738    0.5721    0.1916   0.09252   0.01118  0.007334
    25/299      4.1G   0.03929   0.01015  0.002354    0.0518        16       640    0.5124    0.3733    0.3797    0.1513   0.09027   0.01173  0.007602
    26/299      4.1G   0.03775  0.009914  0.002085   0.04975        20       640    0.4441    0.5591    0.5033    0.1759   0.09121   0.01126  0.007812
    27/299      4.1G   0.03931  0.009771  0.001942   0.05102         8       640    0.6161    0.4221    0.4638    0.1627   0.09393   0.01135  0.009062
    28/299      4.1G   0.03863   0.01026  0.002047   0.05094        19       640    0.5949    0.5182    0.5382    0.2048   0.09019   0.01102   0.00743
    29/299      4.1G   0.04205   0.01058  0.003492   0.05613        20       640    0.3239    0.3057    0.2802       0.1    0.1106   0.01122   0.01545
    30/299      4.1G   0.04574   0.01059  0.002849   0.05918        16       640    0.7712    0.3179    0.3994    0.1402    0.1025   0.01134   0.01084
    31/299      4.1G   0.04209   0.01031  0.002458   0.05485        12       640    0.4489    0.4316     0.395    0.1286   0.09659   0.01197  0.007802
    32/299      4.1G   0.04359   0.01071  0.002351   0.05665        13       640    0.4325    0.5472    0.4542    0.1539   0.09453   0.01162  0.006527
    33/299      4.1G   0.03972   0.01015  0.002638   0.05251        10       640    0.5013    0.4599    0.4335    0.1669   0.09754   0.01138  0.007706
    34/299      4.1G   0.04179   0.01085   0.00213   0.05477        14       640    0.2913    0.4236    0.2847   0.07384   0.09982   0.01206   0.01001
    35/299      4.1G    0.0444   0.01143  0.003035   0.05886         9       640    0.1517    0.2296    0.1288   0.03828   0.09681   0.01394   0.01186
    36/299      4.1G    0.0439   0.01132  0.003363   0.05858        17       640    0.3066    0.1644     0.157   0.04577   0.09459   0.01336   0.01156
    37/299      4.1G   0.03953   0.01114  0.002977   0.05364        16       640    0.3181    0.2322    0.2314   0.08801   0.08921   0.01342    0.0075
    38/299      4.1G   0.04265   0.01164  0.003446   0.05773        16       640    0.3534    0.4494    0.3403    0.1087   0.08854   0.01249  0.007337
    39/299      4.1G   0.03927   0.01082  0.002332   0.05243        12       640    0.3774    0.3533    0.2817   0.09706   0.08905   0.01307  0.007817
    40/299      4.1G   0.04088   0.01105  0.001808   0.05373        10       640    0.4216    0.5634    0.4298    0.1564   0.08599    0.0126  0.007187
    41/299      4.1G   0.04063    0.0117  0.002701   0.05503        25       640    0.4775    0.4263    0.3638    0.1272   0.08746   0.01279  0.007722
    42/299      4.1G   0.04155   0.01107  0.002073   0.05469        18       640    0.4748    0.4846    0.4591    0.1588   0.08599   0.01243  0.006688
    43/299      4.1G   0.04057   0.01076  0.002403   0.05374        12       640     0.454    0.5748    0.4998    0.2049   0.08481   0.01213  0.005862
    44/299      4.1G   0.03994   0.01076  0.002258   0.05296        14       640    0.5323    0.6299     0.518    0.1972    0.0855   0.01208  0.006616
    45/299      4.1G   0.03933   0.01109  0.001963   0.05239        12       640    0.6512    0.5263    0.5587    0.2136   0.08673   0.01168  0.006593
    46/299      4.1G   0.03674   0.01049  0.001566    0.0488        14       640    0.6481    0.5769    0.6347    0.2303   0.08674   0.01155  0.007196
    47/299      4.1G   0.03477   0.01063  0.001977   0.04738         8       640    0.8089    0.5064    0.6269    0.2388   0.08679    0.0113  0.007412
    48/299      4.1G   0.03617   0.01052  0.001668   0.04835        12       640    0.7719    0.4952    0.6059    0.2501   0.08647   0.01136  0.007522
    49/299      4.1G   0.03884   0.01014  0.001722    0.0507        14       640    0.6407    0.5376    0.5852    0.2392   0.08637   0.01153  0.007186
    50/299      4.1G   0.03434   0.01011  0.001429   0.04588        22       640    0.7046     0.562    0.5951    0.2161    0.0856   0.01162  0.006594
    51/299      4.1G   0.03606   0.01027  0.001643   0.04797         9       640    0.6772    0.6108     0.627    0.2245   0.08471   0.01162   0.00634
    52/299      4.1G   0.03648   0.01087  0.002155    0.0495        10       640    0.5777    0.6347    0.5569    0.2008   0.08654   0.01153  0.006916
    53/299      4.1G   0.03464   0.01009  0.002051   0.04678        11       640    0.6187    0.6199    0.6121    0.2443   0.08436   0.01163  0.005863
    54/299     4.11G   0.03637   0.01007  0.001412   0.04785        11       640    0.5747    0.6392     0.608    0.2281   0.08237   0.01189   0.00486
    55/299     4.11G   0.03528  0.009668  0.001346   0.04629        18       640    0.6369    0.6544    0.6567    0.2549   0.08165   0.01214  0.004784
    56/299     4.11G   0.03391  0.009734  0.001577   0.04522        12       640    0.7514    0.5429     0.646      0.26   0.08248   0.01178  0.004825
    57/299     4.11G   0.03925   0.01019  0.001654    0.0511        13       640    0.5803    0.6348     0.643     0.252   0.08368    0.0114  0.004975
    58/299     4.11G   0.03371  0.009564  0.001476   0.04475        17       640    0.7514    0.6495    0.6834    0.2651   0.08257   0.01146  0.005016
    59/299     4.11G   0.03822  0.009859  0.002078   0.05016        11       640    0.7508    0.6365    0.6967    0.2982   0.08263   0.01145  0.005249
    60/299     4.11G   0.03163  0.009487  0.000952   0.04207        14       640    0.7285    0.6345    0.6835    0.2883   0.08332   0.01111  0.005302
    61/299     4.11G    0.0328  0.009411  0.001135   0.04334         8       640    0.7787    0.6927    0.7401    0.3096    0.0831   0.01119  0.005612
    62/299     4.11G   0.03509  0.009504  0.001129   0.04573        12       640    0.8314    0.6218    0.7111    0.3001   0.08359   0.01135  0.005778
    63/299     4.11G   0.03545   0.00943  0.001523    0.0464        18       640    0.7117     0.664      0.71    0.2895   0.08269   0.01152  0.005955
    64/299     4.11G   0.03361   0.00923  0.001824   0.04467        22       640    0.6894    0.6905    0.6888    0.2596   0.08271   0.01175  0.006079
    65/299     4.11G   0.03246  0.009344  0.001539   0.04334        12       640    0.6223    0.7135    0.6672    0.2587   0.08232   0.01206  0.006411
    66/299     4.11G   0.03633   0.01011  0.001123   0.04756        11       640    0.7327    0.6228    0.6723    0.2629   0.08259   0.01156  0.006604
    67/299     4.11G   0.03302  0.009537 0.0009793   0.04353        22       640    0.7111    0.6935    0.7156    0.2803   0.08124   0.01169  0.006152
    68/299     4.11G   0.03031  0.009638 0.0009545    0.0409        22       640    0.7202    0.7018    0.6875    0.2768   0.08147   0.01183  0.006274
    69/299     4.11G   0.03146  0.008773  0.000856   0.04109        20       640     0.657    0.6991    0.6962    0.2817   0.08051   0.01176  0.005565
    70/299     4.11G   0.03327  0.008561  0.001592   0.04342        11       640    0.7051    0.7519    0.7332     0.292   0.08009   0.01168  0.005382
    71/299     4.11G   0.03234  0.008859  0.001233   0.04243        21       640     0.724    0.6691    0.7099    0.3224   0.07984   0.01187  0.005983
    72/299     4.11G   0.03267  0.009159  0.001255   0.04309        16       640    0.7141    0.7513    0.7259    0.3297   0.07902   0.01143  0.005863
    73/299     4.11G   0.03206  0.009061 0.0009024   0.04203        12       640     0.654    0.7845    0.7373    0.3526   0.07936   0.01141  0.006413
    74/299     4.11G   0.03402  0.009038  0.001692   0.04475         6       640    0.7666    0.6837     0.747    0.3226   0.07933   0.01136  0.006282
    75/299     4.11G   0.03033  0.008601 0.0006996   0.03963        18       640    0.8837     0.635    0.7574    0.3028   0.07883   0.01152  0.005942
    76/299     4.11G   0.03131  0.008799  0.001114   0.04122        22       640    0.7638    0.7627    0.7742    0.3093   0.07938   0.01141  0.005478
    77/299     4.11G   0.02868  0.008521 0.0009439   0.03814         8       640    0.8122    0.7422    0.7772    0.3286   0.07961   0.01122  0.005464
    78/299     4.11G    0.0275  0.008838  0.001102   0.03744        10       640     0.841    0.7261    0.7791    0.3221    0.0791   0.01143  0.005407
    79/299     4.11G    0.0303   0.00891  0.000896   0.04011         7       640    0.8488    0.6652    0.7665    0.3102   0.07989   0.01131  0.005586
    80/299     4.11G   0.03139  0.008771 0.0009607   0.04112        15       640     0.837     0.666    0.7482    0.3081   0.08011    0.0113  0.005426
    81/299     4.11G   0.02895  0.009084 0.0006205   0.03865        14       640    0.8319    0.6546    0.7495    0.3135   0.08013   0.01134  0.005286
    82/299     4.11G   0.03144  0.008624  0.001225   0.04129        16       640    0.6746    0.8087    0.7573    0.3143   0.08002   0.01146  0.005244
    83/299     4.11G    0.0303  0.008679 0.0008937   0.03987        28       640    0.8079    0.7532    0.7832    0.3342   0.07964   0.01147  0.005225
    84/299     4.11G   0.03065  0.008465 0.0007704   0.03989        13       640     0.757    0.8134    0.7852     0.334   0.07995   0.01161  0.005352
    85/299     4.11G   0.02791  0.008423  0.001095   0.03743         8       640    0.7797     0.821    0.8034    0.3163    0.0812   0.01161  0.005249
    86/299     4.11G   0.03056  0.008355  0.001023   0.03994        21       640    0.8416    0.7871    0.8003    0.3244   0.08081   0.01156  0.004718
    87/299     4.11G   0.02911  0.008742 0.0009365   0.03879        13       640    0.7741    0.7736    0.7666    0.3271   0.08072    0.0116  0.005121
    88/299     4.11G   0.02995   0.00864 0.0008418   0.03944        16       640    0.7749    0.6686    0.7581    0.3289   0.08083   0.01153  0.005632
    89/299     4.11G   0.02962   0.00861  0.000715   0.03895        20       640    0.6995    0.7723    0.7636    0.3076    0.0808    0.0113  0.006166
    90/299     4.11G   0.02856  0.008251 0.0006032   0.03741         7       640    0.7555    0.6902    0.7324    0.3178   0.07959   0.01157  0.005882
    91/299     4.11G   0.02882  0.008432 0.0007942   0.03805        14       640    0.6851    0.7715    0.7662    0.3329   0.07923   0.01175  0.006042
    92/299     4.11G   0.03031  0.008666 0.0008329    0.0398        10       640    0.8346    0.6822    0.7595    0.3341   0.07868   0.01147  0.005451
    93/299     4.11G   0.02851  0.008437 0.0009289   0.03788        15       640    0.7623    0.7769    0.7799    0.3237   0.07828   0.01175  0.005383
    94/299     4.11G   0.03184  0.008489 0.0008287   0.04116        19       640    0.7619    0.7742    0.7847    0.3305   0.07776   0.01196  0.005605
    95/299     4.11G   0.02701   0.00819 0.0009182   0.03612        17       640     0.738    0.7749    0.7992     0.327   0.07669     0.012  0.005572
    96/299     4.11G   0.02561  0.008261 0.0007006   0.03458        15       640    0.9014    0.7053     0.789    0.3612   0.07589   0.01221   0.00601
    97/299     4.11G    0.0275  0.008353 0.0007465   0.03659        21       640    0.8125    0.7434     0.777    0.3552   0.07636   0.01197  0.005959
    98/299     4.11G   0.02636   0.00873 0.0006527   0.03574        23       640    0.8417     0.752    0.7961    0.3602   0.07785   0.01186  0.006324
    99/299     4.11G   0.02756   0.00801 0.0006121   0.03618        12       640    0.8204    0.8102    0.8064    0.3627   0.07823   0.01209  0.006244
   100/299     4.11G   0.02729  0.008541 0.0006419   0.03647        10       640    0.8302    0.7993    0.8303     0.367   0.07828   0.01183  0.005738
   101/299     4.11G   0.02887  0.008102 0.0009925   0.03797        21       640    0.8467    0.7189    0.8148    0.3441   0.07883   0.01185  0.005831
   102/299     4.11G   0.02613  0.007971 0.0009001     0.035        15       640     0.807    0.7662    0.8007     0.355   0.07975   0.01175  0.005463
   103/299     4.11G   0.02782  0.008213 0.0006578   0.03669        12       640    0.8066    0.7459    0.8017    0.3519   0.08009   0.01174  0.005158
   104/299     4.11G   0.02653   0.00826 0.0008475   0.03564        25       640    0.7671    0.8198    0.8164    0.3645   0.08035   0.01166  0.005741
   105/299     4.11G    0.0286  0.008311 0.0007181   0.03763         9       640     0.863    0.7518    0.8128    0.3693    0.0802   0.01174  0.005294
   106/299     4.11G   0.02472  0.008245 0.0006171   0.03358        15       640     0.819    0.7505    0.7959    0.3626   0.08033   0.01185  0.005774
   107/299     4.11G   0.02854   0.00818  0.001125   0.03784        14       640    0.8268    0.7368     0.781    0.3471    0.0806   0.01176  0.004997
   108/299     4.11G   0.02474  0.007863 0.0005437   0.03315        20       640    0.8707     0.726    0.8146    0.3481   0.08039   0.01212  0.005182
   109/299     4.11G   0.02625  0.007926 0.0009025   0.03508        14       640     0.824    0.7272    0.7917    0.3365   0.07995   0.01235  0.005322
   110/299     4.11G   0.02447  0.008255 0.0006401   0.03337         8       640    0.8488    0.7408    0.7817    0.3615   0.08142    0.0119  0.005384
   111/299     4.11G   0.02561  0.008363 0.0008095   0.03478        27       640    0.8385    0.7042    0.7651    0.3288   0.08335   0.01161  0.005595
   112/299     4.11G   0.02624   0.00764 0.0004534   0.03433        10       640    0.8875    0.7529     0.783     0.347   0.08376   0.01134  0.005516
   113/299     4.11G   0.02747  0.007824  0.001256   0.03655        17       640    0.8137    0.7779    0.8056     0.349    0.0844   0.01143  0.005225
   114/299     4.11G   0.02617  0.007924 0.0008834   0.03498        13       640    0.7332    0.7843     0.786    0.3529   0.08396   0.01146  0.004739
   115/299     4.11G   0.02579  0.008336  0.001014   0.03514         9       640    0.8197    0.8027    0.8279    0.3502   0.08344   0.01132  0.004352
   116/299     4.11G   0.02958  0.008185  0.001298   0.03907        20       640    0.7915    0.8224    0.7875    0.3418   0.08397   0.01144  0.004432
   117/299     4.11G   0.02622  0.007862 0.0006666   0.03475        13       640    0.8288    0.8006    0.7945    0.3445   0.08412   0.01127  0.003952
   118/299     4.11G   0.02423  0.008001 0.0006956   0.03292        17       640    0.8406    0.8454    0.8318    0.3631    0.0829   0.01131  0.004119
   119/299     4.11G   0.02501  0.007707 0.0006364   0.03336        23       640    0.8222    0.8453    0.8294    0.3713   0.08268   0.01136  0.004237
   120/299     4.11G   0.02461  0.007942 0.0007752   0.03332        13       640    0.7629     0.821    0.7741    0.3539   0.08335   0.01136  0.004251
   121/299     4.11G   0.02457  0.008119 0.0008342   0.03352        18       640    0.7932    0.8015     0.798    0.3449   0.08284   0.01172  0.004813
   122/299     4.11G   0.02486  0.007654 0.0008835    0.0334        13       640    0.8556     0.739    0.7996    0.3486   0.08316   0.01167  0.005038
   123/299     4.11G   0.02293   0.00767 0.0005781   0.03118        24       640    0.8359    0.8026    0.8081    0.3704   0.08248   0.01153  0.004897
   124/299     4.11G    0.0265  0.007814 0.0006581   0.03497        21       640    0.8346    0.7757    0.7873    0.3489   0.08255   0.01152  0.004859
   125/299     4.11G   0.02457  0.007899 0.0006776   0.03315        15       640    0.8051    0.7641    0.7707    0.3483   0.08355   0.01128  0.005118
   126/299     4.11G   0.02469   0.00746 0.0005689   0.03272        17       640    0.8283    0.7314    0.7661    0.3508   0.08486   0.01144  0.005362
   127/299     4.11G   0.02434  0.007406 0.0004851   0.03224        12       640    0.8382    0.7758    0.7846    0.3437   0.08433   0.01157  0.005407
   128/299     4.11G   0.02445  0.007913 0.0006722   0.03303        15       640    0.8741    0.7857     0.792    0.3296   0.08466   0.01188  0.005418
   129/299     4.11G   0.02501  0.007903  0.001196   0.03411        13       640    0.8589    0.7607     0.792    0.3475   0.08297   0.01203  0.005243
   130/299     4.11G   0.02471  0.007519 0.0005005   0.03273         9       640    0.8593    0.7185    0.7739    0.3454   0.08213   0.01207  0.005296
   131/299     4.11G   0.02417  0.007355 0.0004045   0.03193        13       640    0.7313    0.8308    0.7697     0.328   0.08068   0.01208  0.005111
   132/299     4.11G   0.02516  0.007689 0.0009085   0.03376        12       640    0.8554     0.759    0.7745    0.3488   0.08061    0.0121  0.005042
   133/299     4.11G   0.02325  0.007529  0.000533   0.03131        19       640    0.8519    0.7071    0.7756    0.3397   0.08068     0.012  0.005219
   134/299     4.11G   0.02499  0.007812  0.001096    0.0339         6       640    0.8769    0.7099    0.7808    0.3382   0.07966   0.01243  0.005525
   135/299     4.11G   0.02617  0.007403  0.001071   0.03464         7       640    0.8277    0.7101    0.7495    0.3449   0.07952   0.01225   0.00575
   136/299     4.11G   0.02546  0.007457 0.0008971   0.03381        22       640    0.7946    0.7486    0.7912     0.338   0.08048   0.01213  0.005656
   137/299     4.11G   0.02631  0.007414  0.000506   0.03423         8       640    0.7628    0.7445    0.7486    0.3415   0.08069   0.01217  0.005643
   138/299     4.11G   0.02427  0.007494 0.0006353    0.0324        11       640    0.8085    0.7149    0.7563    0.3309   0.08098   0.01236  0.006385
   139/299     4.11G   0.02884  0.007521 0.0009038   0.03727         8       640    0.8233    0.7517    0.7882    0.3483   0.08081   0.01199  0.006223
   140/299     4.11G   0.02634  0.007438  0.001157   0.03494        19       640    0.7812     0.772    0.7566    0.3354   0.08185   0.01177  0.005982
   141/299     4.11G   0.02483  0.007357   0.00104   0.03323        11       640    0.8201    0.7505    0.7547    0.3259   0.08179   0.01169  0.006168
   142/299     4.11G   0.02454  0.007261 0.0006786   0.03248        12       640    0.8929    0.7178    0.7841    0.3375    0.0817    0.0118  0.005801
   143/299     4.11G   0.02195  0.007349  0.000416   0.02971        19       640    0.8294    0.7979    0.8208    0.3379   0.08213   0.01175  0.005401
   144/299     4.11G   0.02119  0.007447 0.0003704   0.02901        16       640     0.833    0.8434    0.8446    0.3288    0.0828   0.01158  0.005263
   145/299     4.11G   0.02432   0.00679  0.001367   0.03248        29       640    0.8946    0.7871    0.8364     0.331   0.08241   0.01145  0.005906
   146/299     4.11G   0.02205  0.007211 0.0003223   0.02958         8       640    0.8553    0.8006    0.8318    0.3477   0.08132   0.01161  0.006122
   147/299     4.11G   0.02586  0.007196  0.001134   0.03419        18       640    0.8415    0.7962    0.8213    0.3523    0.0813   0.01173   0.00601
   148/299     4.11G   0.02416  0.007371 0.0006911   0.03222        19       640    0.8847    0.7709    0.8188    0.3552   0.08379   0.01161  0.005566
   149/299     4.11G   0.02297  0.007248 0.0005025   0.03072        21       640    0.7404    0.8454    0.7871    0.3589   0.08378   0.01144  0.005601
   150/299     4.11G   0.02433  0.007317 0.0009199   0.03257        14       640     0.869    0.8086    0.8178    0.3603   0.08195   0.01148  0.006663
   151/299     4.11G   0.02594   0.00734 0.0007912   0.03407        13       640    0.8598    0.7393    0.7836     0.362   0.08298    0.0113  0.006851
   152/299     4.11G   0.02422  0.006822 0.0005832   0.03163        25       640    0.8482    0.7641    0.8041    0.3603   0.07952   0.01237  0.007307
   153/299     4.11G    0.0229  0.006861 0.0004947   0.03026         7       640    0.9562    0.6853     0.822    0.3614    0.0771   0.01259  0.007919
   154/299     4.11G   0.02443  0.007105 0.0007692    0.0323        21       640    0.7814     0.833    0.8292    0.3599   0.07682   0.01256  0.008333
   155/299     4.11G   0.02038  0.007113 0.0003577   0.02785        19       640    0.7863    0.7995    0.8088    0.3396   0.07711   0.01283  0.008658
   156/299     4.11G   0.02487  0.007391 0.0005341    0.0328        16       640    0.8516    0.7504    0.7987    0.3416   0.07727   0.01307  0.008521
   157/299     4.11G   0.02445  0.006974  0.001076    0.0325        14       640    0.8836     0.701    0.7932    0.3663   0.07732   0.01283   0.00793
   158/299     4.11G   0.02311  0.006932 0.0006053   0.03065        11       640    0.8447    0.7836    0.8224     0.351    0.0774   0.01285   0.00805
   159/299     4.11G    0.0214  0.007298 0.0004775   0.02918        10       640    0.8426    0.7514    0.7889    0.3326   0.07767    0.0129  0.008044
   160/299     4.11G   0.02529  0.006995 0.0009029   0.03318        18       640     0.855    0.7275     0.761     0.322    0.0781    0.0131  0.008147
   161/299     4.11G   0.02463   0.00705 0.0005489   0.03222         9       640    0.8887      0.73    0.8051    0.3282   0.07765   0.01312  0.007641
   162/299     4.11G   0.02346  0.006922 0.0006126   0.03099        17       640    0.8033    0.7749    0.7903    0.3314   0.07839   0.01324  0.006919
   163/299     4.11G   0.02234  0.007192 0.0004054   0.02994        10       640    0.7686    0.7804    0.7823    0.3469   0.07788   0.01298   0.00667
   164/299     4.11G   0.02406  0.007184 0.0005582    0.0318        24       640    0.8697    0.7242    0.7775    0.3274   0.07772   0.01278  0.006513
   165/299     4.11G   0.02367  0.006748 0.0006012   0.03102        12       640    0.7671     0.791    0.8174    0.3428   0.07717   0.01285  0.006645
   166/299     4.11G   0.02639  0.007177  0.000854   0.03442        15       640    0.8455    0.7436    0.7984    0.3194   0.07661   0.01299  0.006559
   167/299     4.11G   0.02652  0.007128 0.0009729   0.03462        10       640    0.8449    0.7171     0.784    0.3146   0.07619   0.01307  0.006666
   168/299     4.11G   0.02251  0.006931 0.0005029   0.02995        10       640    0.8315    0.6948     0.749     0.319   0.07652   0.01324  0.006541
   169/299     4.11G   0.02313  0.006862 0.0004074    0.0304        15       640    0.8249    0.7056    0.7593     0.341   0.07664   0.01301  0.005786
   170/299     4.11G   0.02282  0.007124 0.0008652   0.03081        20       640    0.8745    0.6473    0.7897    0.3373   0.07725    0.0128  0.005636
   171/299     4.11G   0.02222  0.006942 0.0003958   0.02956        23       640    0.8099    0.8114    0.8146    0.3512   0.07693   0.01249  0.005733
   172/299     4.11G   0.02135  0.006834 0.0007418   0.02893        14       640    0.8213    0.8038     0.831    0.3637   0.07635   0.01238  0.005649
   173/299     4.11G   0.02289  0.006798 0.0007893   0.03048        21       640    0.8969      0.77    0.8204    0.3491   0.07591   0.01265  0.005406
   174/299     4.11G   0.02305  0.006866 0.0004722   0.03039        23       640    0.8729     0.743    0.8192    0.3379   0.07603   0.01257  0.005606
   175/299     4.11G     0.024  0.007149 0.0007137   0.03186        11       640    0.8273    0.7426    0.8062     0.338   0.07626   0.01278  0.005883
   176/299     4.11G   0.02434  0.007116 0.0005056   0.03197        21       640    0.8216    0.7626    0.7998    0.3467   0.07663   0.01284  0.006052
   177/299     4.11G   0.02428  0.007231 0.0004688   0.03198        19       640    0.8139    0.7394    0.7918    0.3476   0.07645   0.01289  0.005985
   178/299     4.11G   0.02308  0.006892 0.0003543   0.03033        27       640    0.8587    0.7627    0.7968    0.3465   0.07628   0.01288  0.005784
   179/299     4.11G   0.02464   0.00692 0.0008775   0.03244        20       640    0.8198    0.7762    0.8127    0.3591   0.07607   0.01276  0.005609
   180/299     4.11G   0.02413  0.006718 0.0007318   0.03158        21       640    0.8283     0.755    0.8115    0.3586   0.07562   0.01275  0.005445
   181/299     4.11G    0.0212  0.006847  0.000524   0.02857        13       640    0.8559    0.7594     0.813    0.3582   0.07565   0.01293  0.005351
   182/299     4.11G   0.02524  0.006807   0.00102   0.03307        19       640    0.9321    0.7232    0.8273    0.3627   0.07553   0.01292  0.005142
   183/299     4.11G   0.02343  0.006556 0.0004064   0.03039         8       640    0.8578    0.7505    0.8098     0.349   0.07536   0.01312  0.005154
   184/299     4.11G   0.02174  0.007193 0.0003364   0.02927        10       640    0.8154    0.7541    0.7959    0.3415   0.07519   0.01315  0.005359
   185/299     4.11G   0.02338  0.006771 0.0006468    0.0308        19       640    0.7844    0.7762    0.7737    0.3332   0.07573   0.01295  0.005181
   186/299     4.11G   0.02475  0.007094 0.0003964   0.03224        16       640    0.8238    0.7274    0.7782    0.3453   0.07644   0.01318  0.005073
   187/299     4.11G   0.02038  0.006568 0.0003268   0.02728         8       640    0.8581    0.7031    0.7882      0.35   0.07779   0.01312  0.005009
   188/299     4.11G   0.02271  0.006398 0.0003369   0.02944        12       640    0.8326    0.7153    0.7848    0.3574   0.07849     0.013  0.005236
   189/299     4.11G   0.02303  0.006933 0.0005241   0.03049        18       640    0.8688    0.7474    0.8025    0.3423   0.07893   0.01279  0.005177
   190/299     4.11G   0.02215  0.006679 0.0006469   0.02947        16       640    0.8511    0.7635      0.78    0.3316   0.07878    0.0127  0.005114
   191/299     4.11G   0.02516  0.006844 0.0008865   0.03289         9       640    0.8881    0.7654    0.8195    0.3543   0.07854   0.01278  0.005184
   192/299     4.11G   0.02263  0.006503 0.0008823   0.03001        14       640    0.8243    0.8215    0.8313    0.3524   0.07847   0.01275  0.004967
   193/299     4.11G    0.0217  0.006687 0.0009596   0.02935        11       640    0.8831    0.7482    0.8318    0.3608   0.07808   0.01289  0.004902
   194/299     4.11G   0.02199    0.0065 0.0006064    0.0291        16       640    0.8282     0.802    0.8411    0.3721   0.07758   0.01289  0.004912
   195/299     4.11G    0.0218   0.00687  0.001004   0.02967        13       640     0.899    0.7532    0.8319    0.3584   0.07739   0.01292  0.004927
   196/299     4.11G    0.0217  0.006396 0.0006236   0.02872        20       640    0.8689    0.8113    0.8283    0.3514   0.07769   0.01282  0.004998
   197/299     4.11G   0.02354  0.006671 0.0004356   0.03064        13       640    0.8649    0.7726    0.8263    0.3536   0.07809   0.01271  0.005148
   198/299     4.11G   0.02287  0.006875 0.0003863   0.03013        21       640    0.9162    0.7651    0.8286    0.3579   0.07832   0.01264  0.005197
   199/299     4.11G   0.02523  0.006356 0.0005612   0.03215        20       640      0.95    0.7445    0.8274    0.3694   0.07851   0.01255  0.005301
   200/299     4.11G   0.02157   0.00608 0.0006333   0.02828        11       640    0.8781    0.7804    0.8462    0.3729   0.07811   0.01252  0.005434
   201/299     4.11G   0.02326  0.006624 0.0003911   0.03028        12       640    0.8977    0.7884    0.8464    0.3753   0.07752   0.01265  0.005565
   202/299     4.11G   0.02321  0.006601  0.001153   0.03097        15       640    0.8975    0.7762    0.8522    0.3671   0.07689   0.01312  0.005705
   203/299     4.11G   0.02126  0.006351 0.0003781   0.02798        20       640    0.9251    0.7459    0.8463    0.3584   0.07606   0.01318  0.005733
   204/299     4.11G   0.02352  0.006603 0.0005416   0.03066         5       640    0.8469    0.8007    0.8465    0.3477   0.07625   0.01301  0.005913
   205/299     4.11G   0.02149  0.006578 0.0006152   0.02869        18       640     0.851    0.8102    0.8469     0.357   0.07649   0.01292  0.006001
   206/299     4.11G   0.02176  0.006989 0.0004085   0.02915        11       640    0.8373    0.8321    0.8487    0.3666   0.07629   0.01293  0.005624
   207/299     4.11G   0.02166  0.006545 0.0006049   0.02881        16       640    0.8795    0.8011     0.852    0.3673   0.07591   0.01311   0.00531
   208/299     4.11G   0.02341   0.00648 0.0009305   0.03082        16       640    0.8301    0.8113    0.8465    0.3604   0.07557   0.01327  0.005061
   209/299     4.11G    0.0226  0.006773 0.0008228   0.03019        19       640    0.8869    0.7578    0.8393    0.3633   0.07503   0.01351   0.00485
   210/299     4.11G   0.02076   0.00665 0.0005399   0.02795        18       640    0.9112    0.7477    0.8284    0.3736   0.07427   0.01354  0.004867
   211/299     4.11G    0.0228  0.006421 0.0005841    0.0298        14       640     0.868    0.8006    0.8481    0.3619   0.07414    0.0134  0.005041
   212/299     4.11G   0.02015  0.006373 0.0004867   0.02701         7       640    0.9458    0.7532    0.8234    0.3444   0.07456   0.01349  0.005389
   213/299     4.11G   0.02232  0.006576 0.0005946   0.02949         9       640     0.895    0.8006    0.8311    0.3448   0.07465   0.01342  0.005647
   214/299     4.11G   0.02224  0.006215  0.000517   0.02897        19       640    0.9127    0.8006    0.8393    0.3334   0.07454   0.01366  0.005745
   215/299     4.11G    0.0218  0.006683 0.0007853   0.02927        15       640     0.914    0.7834    0.8439    0.3433   0.07361   0.01389  0.005544
   216/299     4.11G     0.021  0.006488 0.0002957   0.02778        18       640    0.8316    0.8125    0.8335     0.337   0.07309   0.01414  0.005163
   217/299     4.11G   0.02272  0.007039 0.0006857   0.03045        22       640    0.8735    0.7871    0.8257    0.3337   0.07332    0.0141  0.005046
   218/299     4.11G   0.02174  0.006397 0.0007882   0.02893        12       640    0.9012    0.7912    0.8101    0.3437   0.07346   0.01412  0.005109
   219/299     4.11G   0.02381  0.006517 0.0004416   0.03077         9       640    0.9118    0.7684    0.8106    0.3422   0.07329   0.01437  0.005141
   220/299     4.11G   0.02242  0.006241 0.0009232   0.02958        22       640    0.9168    0.7864    0.8211    0.3563   0.07292   0.01437  0.005089
   221/299     4.11G   0.01984  0.006116 0.0002751   0.02623        12       640    0.8789    0.7909    0.8288    0.3456   0.07298    0.0145  0.005149
   222/299     4.11G   0.02043  0.006264 0.0004137    0.0271        16       640     0.909    0.7641    0.8068    0.3377   0.07304   0.01451  0.005201
   223/299     4.11G   0.02203  0.006333 0.0005841   0.02894        10       640    0.9174    0.7423    0.8063     0.337   0.07293   0.01447   0.00509
   224/299     4.11G   0.02229  0.006619 0.0006638   0.02957         5       640    0.9196    0.7423     0.814    0.3484   0.07274   0.01441  0.004914
   225/299     4.11G   0.02192  0.006584 0.0005787   0.02908        21       640    0.8805    0.7809    0.8235    0.3364   0.07278   0.01427  0.004938
   226/299     4.11G   0.02196  0.006489 0.0005954   0.02904        23       640    0.9139    0.7666    0.8171    0.3303   0.07297   0.01425  0.005018
   227/299     4.11G   0.02378   0.00682 0.0009526   0.03155        21       640    0.8994    0.7884    0.8192     0.343    0.0729   0.01419  0.005107
   228/299     4.11G   0.02195  0.006287 0.0006878   0.02892        15       640    0.9297    0.7882    0.8507    0.3646   0.07304   0.01414  0.005144
   229/299     4.11G   0.02134  0.006087 0.0006772   0.02811        12       640    0.9054    0.7898    0.8462    0.3696    0.0732   0.01416  0.005185
   230/299     4.11G   0.02184  0.006623 0.0007115   0.02917        16       640    0.9279    0.7776    0.8386    0.3574   0.07324   0.01412  0.005112
   231/299     4.11G   0.02284  0.006535 0.0006738   0.03005        13       640    0.9276    0.7736    0.8157    0.3489   0.07302   0.01428  0.005202
   232/299     4.11G   0.02348  0.006734  0.001251   0.03146        19       640     0.928    0.7792    0.8119    0.3531   0.07301   0.01444   0.00521
   233/299     4.11G   0.02173  0.006552 0.0003698   0.02865        19       640    0.8823    0.7871    0.8196    0.3502   0.07261   0.01444  0.004896
   234/299     4.11G   0.02105  0.006427 0.0006747   0.02815        13       640    0.8834    0.7762    0.8363    0.3475   0.07238   0.01434  0.004865
   235/299     4.11G    0.0203  0.006498 0.0008213   0.02762        22       640    0.9027    0.7893    0.8439    0.3449   0.07282   0.01416  0.004909
   236/299     4.11G   0.02176   0.00642  0.001044   0.02922        16       640    0.8895    0.8114    0.8478    0.3506   0.07267   0.01413  0.005073
   237/299     4.11G    0.0218  0.006322 0.0005594   0.02868        14       640    0.8787    0.7993    0.8463    0.3478   0.07282   0.01418  0.005173
   238/299     4.11G    0.0199  0.006268 0.0009834   0.02715        15       640    0.9384    0.7552    0.8187     0.338   0.07312   0.01412   0.00539
   239/299     4.11G   0.02088  0.006179 0.0003858   0.02745        13       640    0.9224    0.7654    0.8084    0.3399   0.07323   0.01415  0.005413
   240/299     4.11G   0.02542  0.006361  0.001043   0.03283        16       640    0.8916    0.7532    0.7932    0.3263    0.0731   0.01434   0.00547
   241/299     4.11G   0.02209  0.006329 0.0005606   0.02898        14       640    0.8947    0.7641    0.8049    0.3228   0.07278   0.01446  0.005441
   242/299     4.11G   0.01984  0.006513 0.0003747   0.02673        21       640    0.9064    0.7641    0.8189    0.3311   0.07227   0.01449  0.005405
   243/299     4.11G   0.02108  0.006544 0.0007745    0.0284        24       640    0.9027    0.7824    0.8354    0.3304   0.07163   0.01444  0.005462
   244/299     4.11G   0.02226  0.006425 0.0009848   0.02966        22       640    0.9341    0.7397    0.8358    0.3369   0.07096   0.01453   0.00546
   245/299     4.11G   0.02202  0.006337 0.0006484   0.02901        16       640    0.9317    0.7397    0.8377    0.3474   0.07059   0.01458  0.005489
   246/299     4.11G   0.02056  0.006437 0.0009102   0.02791        11       640    0.9341    0.7397     0.836    0.3474   0.07012   0.01468   0.00542
   247/299     4.11G   0.02159  0.006458 0.0004807   0.02853        13       640    0.9291    0.7397    0.8258    0.3519   0.07012   0.01481  0.005709
   248/299     4.11G   0.02047  0.006403 0.0007413   0.02762        13       640    0.9337    0.7396    0.8214    0.3521   0.07055   0.01493  0.005715
   249/299     4.11G   0.02113  0.006304 0.0009142   0.02835        10       640    0.8741    0.7633    0.8069    0.3471   0.07044   0.01502  0.005684
   250/299     4.11G   0.02122  0.006327 0.0004666   0.02801        23       640    0.8727    0.8102    0.8347    0.3575    0.0704    0.0148  0.005515
   251/299     4.11G   0.02195  0.006385 0.0004304   0.02877        18       640    0.9015    0.8064    0.8289    0.3513   0.07036   0.01478  0.005443
   252/299     4.11G   0.02097  0.006369 0.0004969   0.02784        16       640    0.8759    0.7978    0.8287    0.3543   0.06998   0.01469  0.005373
   253/299     4.11G   0.02071   0.00625 0.0005179   0.02748        16       640    0.8913     0.787    0.8333    0.3582   0.06969   0.01468  0.005444
   254/299     4.11G   0.02046  0.006174 0.0006151   0.02725        15       640    0.9393    0.7739    0.8288    0.3581   0.06941   0.01466  0.005458
   255/299     4.11G   0.02254  0.006753   0.00079   0.03009        16       640    0.9393    0.7733    0.8228      0.35    0.0694   0.01468  0.005481
   256/299     4.11G    0.0214  0.006217  0.000658   0.02827         5       640    0.9143     0.787    0.8219    0.3523   0.06939   0.01475  0.005543
   257/299     4.11G   0.02077  0.006477   0.00102   0.02827        21       640    0.8995    0.7884    0.8274    0.3565   0.06928    0.0148  0.005569
   258/299     4.11G   0.02103  0.006583 0.0009957   0.02861         6       640    0.8989    0.7884     0.823    0.3563   0.06954   0.01488  0.005659
   259/299     4.11G   0.01835  0.005941 0.0003682   0.02466        10       640    0.8989    0.7884    0.8362    0.3647   0.06919   0.01493   0.00561
   260/299     4.11G   0.01833  0.006073 0.0004743   0.02488        17       640    0.8905    0.7895    0.8343    0.3652   0.06886   0.01501   0.00566
   261/299     4.11G   0.01926  0.005822 0.0004856   0.02556        25       640    0.9029    0.7931    0.8334    0.3676   0.06855   0.01509  0.005688
   262/299     4.11G    0.0211  0.006362 0.0005283   0.02799        17       640    0.9028    0.7944    0.8235    0.3587    0.0683   0.01504  0.005662
   263/299     4.11G   0.02223   0.00626  0.001302   0.02979         8       640    0.9029    0.7941    0.8308    0.3539   0.06821   0.01511  0.005544
   264/299     4.11G   0.01938  0.006145  0.000353   0.02587        10       640    0.8967    0.7884    0.8397    0.3508   0.06814   0.01512  0.005543
   265/299     4.11G   0.01959  0.005932 0.0005521   0.02607         9       640    0.9098    0.7762     0.838    0.3615   0.06817   0.01501  0.005449
   266/299     4.11G   0.02095  0.006465 0.0008365   0.02825        18       640    0.8917    0.7922    0.8334    0.3583   0.06846   0.01496  0.005282
   267/299     4.11G    0.0187  0.005688 0.0006024   0.02499        16       640    0.8685    0.7968    0.8277    0.3575   0.06862     0.015  0.005251
   268/299     4.11G    0.0212  0.006166   0.00132   0.02869        17       640    0.8686    0.7983    0.8343    0.3594   0.06863   0.01495  0.005263
   269/299     4.11G   0.02085   0.00621 0.0006615   0.02773         9       640    0.8907    0.7693    0.8277    0.3686   0.06859   0.01499  0.005387
   270/299     4.11G   0.02111  0.006574  0.001138   0.02882        19       640    0.8982    0.7672    0.8237    0.3583   0.06834   0.01503  0.005505
   271/299     4.11G   0.01989  0.006099 0.0004965   0.02649        19       640    0.8296    0.7989    0.8206    0.3637   0.06792   0.01504  0.005501
   272/299     4.11G   0.02225  0.006243 0.0005093     0.029         8       640     0.879    0.7845    0.8209    0.3629   0.06765   0.01498   0.00542
   273/299     4.11G   0.02152  0.006404  0.001313   0.02924        30       640    0.8759    0.7633    0.8151    0.3592   0.06767   0.01497  0.005428
   274/299     4.11G   0.02173  0.006333 0.0007204   0.02879        19       640    0.8977    0.7633    0.8275    0.3643    0.0674   0.01496  0.005432
   275/299     4.11G   0.02083  0.006106 0.0007842   0.02772        14       640    0.8993    0.7762    0.8292    0.3585   0.06745   0.01491  0.005512
   276/299     4.11G   0.01957  0.006358 0.0005292   0.02646        17       640    0.8971    0.7762    0.8245    0.3584   0.06785   0.01493  0.005691
   277/299     4.11G   0.02071  0.006058 0.0005246    0.0273        15       640     0.881    0.7905     0.823    0.3522   0.06817   0.01501  0.005686
   278/299     4.11G   0.02035  0.006078 0.0004568   0.02689         7       640    0.8956    0.7884    0.8302    0.3512   0.06796   0.01509  0.005591
   279/299     4.11G   0.02047  0.005967  0.001023   0.02746        10       640    0.9183    0.7911    0.8278    0.3535    0.0679    0.0151  0.005622
   280/299     4.11G    0.0218  0.006518  0.001086    0.0294        12       640    0.9128    0.7884    0.8316    0.3515    0.0679   0.01508  0.005592
   281/299     4.11G   0.01983   0.00634 0.0006387   0.02681        10       640    0.9177    0.7927    0.8397    0.3591   0.06795   0.01496  0.005629
   282/299     4.11G   0.01997  0.006077 0.0005997   0.02665        11       640    0.9047     0.793    0.8367    0.3596     0.068   0.01489  0.005656
   283/299     4.11G   0.01985   0.00604 0.0005463   0.02644        13       640    0.9049    0.7947    0.8327    0.3596   0.06815   0.01489  0.005824
   284/299     4.11G   0.01976  0.006144 0.0007771   0.02668        15       640     0.905    0.7951    0.8322    0.3678    0.0679   0.01485  0.005763
   285/299     4.11G   0.02045  0.006526 0.0009235    0.0279        22       640    0.9047    0.7937    0.8298    0.3638   0.06758   0.01486  0.005699
   286/299     4.11G   0.02023  0.006127  0.001024   0.02738        20       640    0.9231    0.7762    0.8238    0.3639   0.06753    0.0148  0.005656
   287/299     4.11G   0.02207  0.006245  0.001123   0.02944        31       640    0.9393    0.7762    0.8136    0.3647   0.06745   0.01483  0.005661
   288/299     4.11G   0.01774   0.00625 0.0003331   0.02432        15       640     0.925    0.7715    0.8028    0.3641   0.06746    0.0149  0.005716
   289/299     4.11G   0.01795  0.005923 0.0007826   0.02466        14       640    0.9154    0.7775    0.8149    0.3685    0.0674   0.01493  0.005784
   290/299     4.11G   0.02013   0.00638 0.0007318   0.02724         9       640    0.8869    0.7994     0.819    0.3592    0.0673   0.01493  0.005741
   291/299     4.11G   0.01906   0.00579 0.0005195   0.02537        18       640    0.9088    0.7762     0.815    0.3526   0.06772   0.01485  0.005643
   292/299     4.11G   0.02126  0.006222 0.0008054   0.02828        20       640    0.9275    0.7713    0.8213    0.3508   0.06798   0.01477  0.005544
   293/299     4.11G   0.02015  0.006408 0.0005937   0.02715        19       640    0.9155    0.7871    0.8242    0.3617   0.06807   0.01475  0.005459
   294/299     4.11G   0.02002  0.006105 0.0005572   0.02668        11       640    0.9025     0.786    0.8215    0.3572   0.06833    0.0147  0.005495
   295/299     4.11G   0.01801  0.005904 0.0004013   0.02431        13       640    0.9155    0.7882    0.8216    0.3551   0.06852    0.0147   0.00563
   296/299     4.11G   0.01912  0.006103  0.000583   0.02581        16       640    0.9117    0.7883    0.8261    0.3588   0.06834   0.01477  0.005666
   297/299     4.11G   0.02045  0.006054 0.0007727   0.02728         8       640    0.8915    0.7991    0.8294     0.363   0.06799   0.01484  0.005752
   298/299     4.11G     0.021  0.006165 0.0009952   0.02816        13       640    0.8909     0.787    0.8244    0.3643   0.06799   0.01492  0.005828
   299/299     4.11G   0.01721  0.005652 0.0004925   0.02335        14       640    0.9006    0.7826    0.8187    0.3616    0.0679   0.01497  0.005818
