     0/299     2.35G   0.06574   0.01421         0   0.07995         5       640    0.1255       0.2   0.05239   0.01007    0.0843   0.01136         0
     1/299     3.44G   0.06209  0.009414         0   0.07151         9       640    0.4065    0.2545    0.2054   0.04635   0.08437   0.00833         0
     2/299     4.38G   0.06074  0.006952         0   0.06769         9       640    0.1401   0.01818  0.007865  0.002634   0.09593  0.006463         0
     3/299     4.38G   0.06037  0.006117         0   0.06648         6       640   0.05494    0.1273   0.01454  0.002505   0.09429  0.006498         0
     4/299     4.38G   0.06141  0.005412         0   0.06682         6       640  0.004094   0.03636 0.0004914 9.118e-05    0.1038   0.02553         0
     5/299     4.38G   0.06578  0.005116         0   0.07089         8       640   0.00215   0.09091 0.0007516 0.0001036    0.1003  0.005442         0
     6/299     4.38G   0.06704  0.004752         0   0.07179         6       640  0.002739    0.1455 0.0008508 9.644e-05    0.1015  0.007569         0
     7/299     4.38G   0.06731  0.004701         0   0.07201         6       640   0.01724   0.01818  0.001152 0.0002549   0.09495   0.01442         0
     8/299     4.39G    0.0666  0.005202         0    0.0718        10       640  0.001216    0.2909 0.0003777 5.095e-05    0.1046    0.1049         0
     9/299     4.39G   0.06551  0.005466         0   0.07098         5       640  0.001194    0.2545 0.0003214 4.412e-05   0.09958   0.02819         0
    10/299     4.39G   0.06688  0.005571         0   0.07245         9       640  0.001249    0.3273 0.0004203 5.777e-05   0.09941   0.02766         0
    11/299     4.39G   0.06535  0.005753         0    0.0711         5       640  0.001799    0.3636 0.0007545  0.000121   0.09594  0.006521         0
    12/299     4.39G   0.06416  0.005864         0   0.07002         7       640  0.001972    0.3818 0.0008439 0.0001395   0.08938  0.006922         0
    13/299     4.39G    0.0619  0.006681         0   0.06858         7       640   0.00235   0.03636 0.0009693 0.0001222   0.09068  0.006711         0
    14/299     4.39G   0.06442  0.005628         0   0.07005         5       640  0.002135    0.3273 0.0008994 0.0001536   0.08844  0.006316         0
    15/299     4.39G    0.0579   0.00565         0   0.06355         4       640   0.06252   0.01818  0.001678 0.0004966   0.09275  0.006103         0
    16/299     4.39G   0.06268  0.005605         0   0.06828         5       640  0.003248   0.01818  0.001517 0.0002505   0.09123  0.005953         0
    17/299     4.39G   0.06112  0.005478         0   0.06659         4       640  0.002422       0.4  0.001131 0.0001496   0.08982  0.006059         0
    18/299     4.39G   0.06047  0.005573         0   0.06604         5       640  0.002178    0.3636 0.0008949  0.000116   0.09054  0.006005         0
    19/299     4.39G   0.06048  0.005506         0   0.06598         5       640  0.002322    0.4182  0.001022 0.0001359   0.09208  0.005869         0
    20/299     4.39G    0.0595  0.006028         0   0.06553         6       640  0.002237       0.4 0.0009948 0.0001336   0.09071  0.005995         0
    21/299     4.39G   0.05969   0.00583         0   0.06552         5       640  0.002552    0.4364   0.00129 0.0001796    0.0916  0.005981         0
    22/299     4.39G   0.05976  0.005819         0   0.06558         9       640    0.0024    0.3818  0.001027 0.0001368   0.09111   0.00606         0
    23/299     4.39G   0.06007   0.00592         0   0.06599         6       640  0.002468    0.4182  0.001086 0.0001597   0.09079  0.006017         0
    24/299     4.39G   0.05777  0.005839         0   0.06361         5       640   0.00399   0.05455   0.00134 0.0001613   0.09078  0.006038         0
    25/299     4.39G   0.05959  0.005936         0   0.06553         7       640  0.002523    0.3273  0.001006 0.0001605    0.0917  0.005872         0
    26/299     4.39G   0.05898  0.005716         0    0.0647         3       640   0.01682   0.09091  0.004741 0.0007312   0.09041  0.005938         0
    27/299     4.39G   0.05954  0.005617         0   0.06516         6       640   0.04266    0.1636   0.01846   0.00319   0.08994   0.00579         0
    28/299     4.39G   0.05751  0.005581         0    0.0631         3       640   0.05089    0.1636   0.01686  0.003163   0.08941  0.005784         0
    29/299     4.39G   0.05841  0.005696         0   0.06411         8       640   0.07646       0.2   0.03203   0.00623   0.08846  0.005867         0
    30/299     4.39G   0.05726  0.005664         0   0.06293         6       640     0.041    0.1273   0.01738  0.003729   0.08891  0.005928         0
    31/299     4.39G   0.05738  0.005642         0   0.06302         4       640    0.1275    0.1455   0.06081   0.01421   0.08885  0.005624         0
    32/299     4.39G   0.05555  0.005484         0   0.06103         5       640    0.1875    0.1273   0.06404   0.01675    0.0891   0.00557         0
    33/299     4.39G   0.05917  0.005842         0   0.06501        10       640   0.06764    0.1636   0.06122   0.02226   0.08752  0.005875         0
    34/299     4.39G   0.05656  0.005419         0   0.06198         8       640    0.1255       0.2   0.08527   0.02524   0.08708  0.005712         0
    35/299     4.39G   0.05388  0.005217         0   0.05909         7       640    0.3226       0.2    0.1116   0.02068   0.08656    0.0058         0
    36/299     4.39G   0.05621  0.005375         0   0.06159         7       640    0.1269    0.1636   0.04417  0.008789   0.09025  0.005595         0
    37/299     4.39G   0.05668  0.005487         0   0.06217        11       640    0.2807    0.2727    0.1744   0.04287   0.08501  0.005651         0
    38/299     4.39G   0.05155  0.005594         0   0.05714         4       640     0.345    0.3091    0.1868   0.03971   0.08552  0.005677         0
    39/299     4.39G   0.05377  0.005752         0   0.05952         9       640    0.4049       0.2    0.1488   0.05372   0.08563  0.006064         0
    40/299     4.39G   0.05376  0.005238         0   0.05899         7       640    0.5543    0.2727    0.2264   0.04525   0.08584   0.00577         0
    41/299     4.39G   0.05148  0.005414         0   0.05689         6       640    0.4183    0.2909    0.2398   0.05459   0.08366  0.005706         0
    42/299     4.39G   0.05208  0.005305         0   0.05738         8       640    0.7078    0.3091    0.3364    0.1112   0.08424  0.005657         0
    43/299     4.39G   0.04674  0.004875         0   0.05162         9       640    0.2915    0.3441    0.2154   0.04826   0.08527  0.005364         0
    44/299     4.39G   0.04751  0.004819         0   0.05233         6       640    0.4738    0.3455    0.3377    0.1063   0.08356  0.005219         0
    45/299     4.39G   0.04572  0.005147         0   0.05087        12       640    0.3952    0.3455    0.2752   0.09526   0.08384  0.005133         0
    46/299     4.39G   0.04656  0.005184         0   0.05174         7       640    0.5895    0.2364    0.2187   0.07857   0.08466  0.005329         0
    47/299     4.39G   0.04625   0.00515         0    0.0514         6       640    0.3694    0.2909    0.2223   0.08984   0.08252  0.005407         0
    48/299     4.39G   0.04588  0.004952         0   0.05083         5       640    0.4999    0.3455    0.3278    0.1134   0.08251  0.005447         0
    49/299     4.39G   0.04768  0.004759         0   0.05244         7       640    0.2934    0.4909    0.1871   0.06714   0.08152  0.006097         0
    50/299     4.39G   0.04561  0.005335         0   0.05095         6       640    0.2837    0.4898    0.2019   0.06806   0.08014  0.006178         0
    51/299     4.39G   0.04767  0.005083         0   0.05275         5       640    0.3578    0.4357    0.2553    0.0681   0.08025  0.005841         0
    52/299     4.39G   0.04509  0.004771         0   0.04986         7       640    0.3548    0.4909    0.2331   0.08372   0.08074  0.005627         0
    53/299     4.39G   0.04627  0.005021         0   0.05129         8       640    0.2747       0.4    0.1522   0.05357   0.08345  0.006546         0
    54/299     4.39G   0.04558  0.005007         0   0.05059         5       640    0.1713    0.4364    0.1086   0.03471   0.08173  0.006557         0
    55/299     4.39G   0.04497  0.004942         0   0.04991         5       640    0.2188    0.4532    0.1647   0.06321   0.07942  0.005699         0
    56/299     4.39G   0.04811  0.004971         0   0.05308         4       640    0.5599    0.4909    0.4388    0.1776   0.07941  0.005451         0
    57/299     4.39G   0.04357  0.004877         0   0.04845         5       640    0.4632    0.4727    0.4218    0.1481   0.08198  0.005293         0
    58/299     4.39G   0.04446  0.005155         0   0.04961         7       640    0.3954    0.4182    0.3303    0.1282   0.08215    0.0054         0
    59/299     4.39G   0.04289  0.004954         0   0.04784         7       640    0.4553      0.38     0.366    0.1436   0.08161  0.005473         0
    60/299     4.39G   0.04145  0.004887         0   0.04634        11       640    0.5517    0.4727    0.4518    0.1933   0.08006  0.005358         0
    61/299     4.39G   0.04205  0.004843         0   0.04689        10       640    0.5795    0.5273    0.5063    0.2426   0.07752  0.005411         0
    62/299     4.39G   0.03892  0.005014         0   0.04394         7       640    0.4352    0.4909    0.4189    0.1936   0.07943  0.005534         0
    63/299     4.39G   0.04094  0.005127         0   0.04607         5       640     0.793     0.418    0.4995    0.2073     0.078  0.005597         0
    64/299     4.39G   0.04102  0.005204         0   0.04623        10       640    0.8124    0.4724    0.5297    0.2354   0.07642  0.005483         0
    65/299     4.39G   0.04201  0.005284         0    0.0473         6       640    0.7479    0.4909      0.55    0.2699   0.07677   0.00542         0
    66/299     4.39G   0.04017  0.005079         0   0.04525         7       640    0.8037    0.4545    0.5185    0.2394    0.0768  0.005473         0
    67/299     4.39G   0.04065  0.004984         0   0.04564         5       640    0.7564     0.508     0.565    0.2304   0.07695  0.005452         0
    68/299     4.39G   0.04118    0.0051         0   0.04628         5       640    0.6031    0.4727    0.4545    0.2068   0.07958  0.005357         0
    69/299     4.39G   0.03949  0.004867         0   0.04436         3       640    0.5258    0.5443    0.4861     0.214   0.07627  0.005378         0
    70/299     4.39G   0.04119  0.005171         0   0.04636        10       640    0.4819    0.5091    0.4416    0.2151   0.07609  0.005368         0
    71/299     4.39G   0.04013  0.005152         0   0.04529         6       640    0.6118    0.5455    0.5465    0.2458   0.07724  0.005153         0
    72/299     4.39G   0.03887  0.005075         0   0.04394         9       640    0.7041    0.5636    0.5626    0.2543   0.07577  0.005164         0
    73/299     4.39G   0.04048   0.00529         0   0.04577         6       640    0.6809    0.5455    0.6268    0.2968   0.07244  0.005379         0
    74/299     4.39G   0.04011  0.005139         0   0.04525        11       640     0.788    0.5455    0.6079    0.3097   0.07195  0.005386         0
    75/299     4.39G   0.03892  0.005176         0   0.04409         5       640    0.7315    0.5449    0.5952    0.3073    0.0712  0.005611         0
    76/299     4.39G   0.03942  0.005179         0    0.0446         8       640    0.7104    0.5455    0.5831    0.2865   0.07104  0.005577         0
    77/299     4.39G   0.03865  0.005426         0   0.04408         4       640     0.687    0.5986    0.6211    0.3033   0.07155  0.005478         0
    78/299     4.39G   0.04036  0.005376         0   0.04573         7       640    0.6641    0.5818    0.5842    0.2898   0.07217  0.005588         0
    79/299     4.39G   0.03941  0.005225         0   0.04463        10       640    0.8749    0.5088    0.6012    0.2933   0.07051   0.00557         0
    80/299     4.39G    0.0404  0.005391         0   0.04579        11       640    0.6499    0.5091    0.5764    0.2679   0.06983  0.005655         0
    81/299     4.39G   0.04106  0.005442         0    0.0465         9       640     0.659    0.5271    0.5696    0.2887   0.06998  0.005633         0
    82/299     4.39G   0.03992  0.005649         0   0.04557         7       640      0.77    0.4909    0.5668    0.2696   0.07143  0.005528         0
    83/299     4.39G   0.03961  0.005673         0   0.04528         6       640    0.5571    0.6175    0.5881    0.2869   0.06936  0.005479         0
    84/299     4.39G   0.03803  0.005363         0   0.04339         4       640     0.727    0.5455    0.6331    0.3231   0.06858  0.005437         0
    85/299     4.39G   0.03842   0.00537         0   0.04379         7       640    0.8333    0.5452    0.6355    0.3177   0.06931  0.005356         0
    86/299     4.39G   0.03818  0.005554         0   0.04373        10       640    0.8709    0.4906     0.646    0.3555    0.0661  0.005517         0
    87/299     4.39G   0.03655  0.005738         0   0.04228         9       640    0.6511    0.5455    0.6316    0.3681   0.06672  0.005347         0
    88/299     4.39G   0.03742  0.005693         0   0.04311         7       640    0.9059    0.5273    0.6412    0.3348   0.06526  0.005703         0
    89/299     4.39G   0.03694  0.006071         0   0.04301         9       640    0.9308    0.4909    0.6527    0.3739   0.06366  0.005814         0
    90/299     4.39G   0.03674  0.005381         0   0.04212         4       640     0.756    0.5634    0.6539    0.3416   0.06419  0.005806         0
    91/299     4.39G   0.03896  0.006079         0   0.04504        11       640    0.7142    0.5453    0.6172     0.311   0.06442  0.005825         0
    92/299     4.39G   0.03743  0.005854         0   0.04329         5       640    0.6769    0.5818    0.6385    0.3481   0.06429  0.005742         0
    93/299     4.39G   0.03588  0.005745         0   0.04163         4       640    0.7938       0.6    0.6944      0.37   0.06421  0.005757         0
    94/299     4.39G   0.03845  0.005902         0   0.04436         8       640    0.6527    0.5809     0.633    0.3416   0.06426  0.005987         0
    95/299     4.39G   0.03652  0.006225         0   0.04274         3       640    0.8105    0.5455    0.7081    0.3648   0.06135  0.006047         0
    96/299     4.39G   0.03732  0.005677         0   0.04299        12       640    0.8455       0.6    0.7547    0.4124   0.06099  0.005804         0
    97/299     4.39G   0.03629  0.005868         0   0.04216        10       640     0.698    0.6727     0.717    0.4018   0.06259  0.005729         0
    98/299     4.39G   0.03643  0.005694         0   0.04212         4       640    0.8403    0.5818     0.713    0.3772   0.06349  0.005641         0
    99/299     4.39G   0.03685  0.005584         0   0.04244         6       640    0.7055    0.6533    0.7136    0.3833   0.06369  0.005575         0
   100/299     4.39G   0.03781  0.005565         0   0.04338         2       640    0.8716    0.6174    0.7421    0.4039   0.06289  0.005597         0
   101/299     4.39G   0.03555  0.005703         0   0.04125         5       640    0.7606    0.6354    0.6948    0.3847   0.06214  0.005705         0
   102/299     4.39G   0.03414  0.005644         0   0.03978         7       640    0.7851    0.5978    0.6676    0.3688   0.06139  0.005729         0
   103/299     4.39G   0.03573  0.005599         0   0.04133         5       640    0.8234    0.5088    0.6651    0.3782   0.06145  0.005664         0
   104/299     4.39G   0.03476  0.005628         0   0.04039         7       640    0.8529    0.5271    0.6974    0.4111   0.06088   0.00548         0
   105/299     4.39G   0.03397  0.005406         0   0.03938         6       640    0.8136    0.6364    0.7409    0.4275   0.06013  0.005562         0
   106/299     4.39G   0.03438  0.005621         0      0.04         8       640    0.8093    0.6182    0.7231    0.4277   0.05991  0.005602         0
   107/299     4.39G   0.03458  0.005614         0   0.04019         4       640    0.8904    0.6182    0.7374    0.4022   0.06093  0.005478         0
   108/299     4.39G   0.03357  0.005686         0   0.03926         9       640    0.6719    0.7446    0.7645    0.3919   0.06074   0.00539         0
   109/299     4.39G   0.03358  0.005602         0   0.03918         8       640    0.7218    0.7091    0.7734     0.433   0.06062  0.005546         0
   110/299     4.39G   0.03606  0.005454         0   0.04151         5       640     0.947    0.6545    0.7926    0.4319   0.06041  0.005572         0
   111/299     4.39G   0.03541  0.005547         0   0.04095         4       640    0.7217    0.7091    0.7309     0.411   0.05959   0.00554         0
   112/299     4.39G   0.03414  0.005362         0    0.0395         7       640    0.8139    0.6362    0.7272    0.4164   0.05865  0.005443         0
   113/299     4.39G   0.03585  0.005752         0    0.0416         9       640    0.8197    0.6727    0.7445    0.4624   0.05943  0.005354         0
   114/299     4.39G   0.03624   0.00582         0   0.04206         8       640     0.837    0.6545    0.7593    0.4598   0.05904  0.005337         0
   115/299     4.39G    0.0347  0.005472         0   0.04017         9       640      0.76    0.6909     0.771    0.4458   0.06039   0.00523         0
   116/299     4.39G   0.03366  0.005261         0   0.03892         5       640    0.7141    0.7266    0.7504    0.4315   0.05986  0.005306         0
   117/299     4.39G   0.03611  0.005652         0   0.04177         6       640    0.7617    0.6545    0.7303    0.3991   0.05924  0.005582         0
   118/299     4.39G   0.03632  0.005559         0   0.04188         9       640    0.7871    0.6722    0.7665    0.4564   0.05861   0.00542         0
   119/299     4.39G   0.03533   0.00546         0   0.04079         3       640    0.9209    0.6364    0.7977    0.4925    0.0586  0.005344         0
   120/299     4.39G   0.03556  0.005592         0   0.04115         8       640    0.8288    0.7273    0.8179    0.5032   0.05819  0.005294         0
   121/299     4.39G   0.03365  0.005421         0   0.03907         4       640    0.8692    0.7252    0.8038    0.4944   0.05862  0.005141         0
   122/299     4.39G   0.03504  0.005582         0   0.04062         7       640    0.8859    0.7091    0.8314    0.5045   0.05781  0.005162         0
   123/299     4.39G    0.0351  0.005272         0   0.04037         8       640    0.8969    0.6364    0.8043    0.4962   0.05848  0.005109         0
   124/299     4.39G    0.0345  0.005455         0   0.03996         9       640    0.8323    0.7273    0.8231    0.5119   0.05719  0.005187         0
   125/299     4.39G   0.03398  0.005468         0   0.03945         6       640    0.8159    0.7253    0.8082    0.4899   0.05712  0.005202         0
   126/299     4.39G    0.0347  0.005634         0   0.04033         6       640    0.7843    0.7271    0.7768    0.4903   0.05711  0.005079         0
   127/299     4.39G   0.03369  0.005297         0   0.03899         6       640    0.7394    0.7273    0.6953    0.4329   0.05754  0.005302         0
   128/299     4.39G   0.03508  0.005506         0   0.04059         8       640    0.7754    0.6905    0.7481    0.4666    0.0575  0.005189         0
   129/299     4.39G   0.03631  0.005329         0   0.04164        10       640    0.7673    0.7818    0.7879    0.4975   0.05758  0.004991         0
   130/299     4.39G   0.03484  0.005462         0   0.04031         7       640    0.7995       0.8    0.8226     0.535   0.05587  0.005187         0
   131/299     4.39G   0.03559  0.005515         0    0.0411         4       640    0.8431    0.7815    0.8369    0.4892   0.05698  0.005265         0
   132/299     4.39G   0.03417   0.00571         0   0.03988        10       640     0.826    0.6909    0.7949    0.4768   0.05746  0.005426         0
   133/299     4.39G   0.03332  0.005234         0   0.03856         4       640       0.9    0.6542    0.7908    0.4732   0.05692  0.005485         0
   134/299     4.39G   0.03296   0.00544         0    0.0384         4       640    0.8889    0.7271    0.8227     0.497   0.05543  0.005353         0
   135/299     4.39G   0.03359  0.005389         0   0.03898         6       640    0.9268    0.6908    0.8496    0.5436   0.05463   0.00516         0
   136/299     4.39G   0.03451  0.005803         0   0.04032        10       640     0.975     0.709    0.8383    0.5236   0.05485   0.00523         0
   137/299     4.39G   0.03465  0.005176         0   0.03982         3       640    0.9107    0.7455     0.823    0.5496   0.05557  0.005245         0
   138/299     4.39G   0.03381  0.005289         0    0.0391        10       640     0.531    0.7636    0.6195    0.4194   0.05615  0.005366         0
   139/299     4.39G   0.03454  0.005317         0   0.03985         6       640    0.8333     0.727    0.7935    0.5292   0.05444  0.005214         0
   140/299     4.39G   0.03419  0.005589         0   0.03978        17       640    0.8863    0.7091    0.8118    0.5268   0.05473  0.005342         0
   141/299     4.39G   0.03358   0.00546         0   0.03904        10       640    0.8456       0.8    0.8202    0.5085   0.05442   0.00507         0
   142/299     4.39G   0.03263  0.005183         0   0.03781        10       640    0.8191    0.7411    0.8048    0.5148   0.05539  0.005177         0
   143/299     4.39G   0.03453  0.005671         0    0.0402         7       640    0.8475    0.7091    0.8072    0.5419   0.05496  0.004991         0
   144/299     4.39G   0.03243  0.005171         0    0.0376         7       640     0.769    0.7273     0.801    0.5162   0.05426  0.005218         0
   145/299     4.39G   0.03343  0.005464         0   0.03889         8       640    0.7581       0.8     0.823     0.543    0.0543  0.005128         0
   146/299     4.39G    0.0338  0.005298         0    0.0391         7       640     0.913    0.7636    0.8209    0.5184   0.05411  0.005231         0
   147/299     4.39G   0.03254  0.005759         0    0.0383         7       640     0.843    0.7818    0.8186    0.5336    0.0544   0.00519         0
   148/299     4.39G   0.03213  0.005372         0    0.0375         8       640    0.8399    0.7636    0.8224     0.514   0.05479  0.005001         0
   149/299     4.39G    0.0323  0.005257         0   0.03756         4       640    0.8601    0.6727     0.802    0.4869   0.05597  0.004849         0
   150/299     4.39G   0.03294  0.005148         0   0.03809         9       640    0.7996    0.7273    0.7999    0.5298   0.05509  0.004879         0
   151/299     4.39G   0.03317  0.005218         0   0.03839         4       640    0.9024    0.6725    0.8369    0.5482   0.05396  0.004858         0
   152/299     4.39G   0.03188  0.005234         0   0.03712         8       640    0.9482    0.6727    0.8182    0.5494   0.05463  0.004723         0
   153/299     4.39G   0.03342  0.005176         0   0.03859        10       640    0.8651    0.7091    0.7997     0.528   0.05438   0.00481         0
   154/299     4.39G   0.03154  0.004973         0   0.03652         6       640    0.7973    0.7273    0.7578    0.5044   0.05491  0.004735         0
   155/299     4.39G   0.03259   0.00532         0   0.03791         7       640     0.767    0.7818    0.7912     0.533   0.05362  0.004678         0
   156/299     4.39G   0.03122  0.005129         0   0.03635         4       640    0.8148       0.8    0.8617    0.5821   0.05234  0.004525         0
   157/299     4.39G   0.03182  0.005282         0    0.0371         7       640    0.8627    0.7994     0.873    0.5996   0.05168  0.004417         0
   158/299     4.39G   0.03108  0.004882         0   0.03596         5       640    0.5241    0.7808    0.5126    0.3489   0.05171  0.004889         0
   159/299     4.39G   0.03101  0.004934         0   0.03594         6       640    0.7673    0.7818    0.8113    0.5673   0.05081  0.004762         0
   160/299     4.39G   0.03152  0.005286         0    0.0368         4       640    0.8541    0.7455      0.82    0.5428   0.05165  0.004955         0
   161/299     4.39G   0.03306  0.005237         0    0.0383        12       640    0.8913    0.7452    0.8314    0.5619   0.05084  0.004901         0
   162/299     4.39G   0.03256  0.005505         0   0.03806        10       640    0.2737    0.7273    0.2435    0.1614   0.05067  0.006497         0
   163/299     4.39G   0.03089  0.004892         0   0.03578         7       640    0.2468    0.7273    0.2107    0.1368   0.05122  0.007385         0
   164/299     4.39G    0.0321  0.005104         0    0.0372         5       640     0.333    0.7455    0.2934     0.194   0.05122  0.006104         0
   165/299     4.39G   0.03123  0.005138         0   0.03637         5       640    0.4937     0.727    0.4407    0.2895   0.05094  0.005504         0
   166/299     4.39G   0.03061  0.005328         0   0.03594         3       640    0.4701    0.7273    0.4274    0.2745   0.05052  0.005402         0
   167/299     4.39G   0.03009  0.005016         0   0.03511         5       640    0.8694    0.7273    0.8536    0.5682   0.04992  0.004736         0
   168/299     4.39G   0.03063  0.005145         0   0.03578         7       640    0.7241    0.7636    0.7844    0.5371   0.05039  0.004865         0
   169/299     4.39G    0.0298  0.004948         0   0.03475         4       640    0.6166    0.6724    0.6007    0.4026   0.05094   0.00495         0
   170/299     4.39G   0.03121  0.005171         0   0.03638         3       640    0.7997       0.8    0.8279    0.5767   0.05105  0.004647         0
   171/299     4.39G   0.03023  0.005029         0   0.03526         4       640    0.7921    0.7636    0.7665    0.5305   0.05041  0.004671         0
   172/299     4.39G   0.03007  0.005055         0   0.03512         3       640    0.8541    0.7455    0.8465     0.587   0.05011  0.004569         0
   173/299     4.39G   0.02962   0.00506         0   0.03468         8       640    0.7919    0.7636    0.8071    0.5738   0.05045  0.004545         0
   174/299     4.39G    0.0303  0.005045         0   0.03534         5       640    0.8111    0.7818    0.8265    0.5686   0.05002  0.004477         0
   175/299     4.39G   0.02918  0.004847         0   0.03403         7       640    0.8036    0.8181    0.8222    0.5857   0.04955  0.004396         0
   176/299     4.39G   0.02957  0.004985         0   0.03456         5       640    0.8267    0.7818    0.8453    0.5824   0.04981   0.00442         0
   177/299     4.39G   0.03047  0.005249         0   0.03572         5       640    0.9106    0.7455    0.8571    0.6145   0.04952  0.004427         0
   178/299     4.39G   0.02842  0.005024         0   0.03344         9       640    0.9111    0.7452    0.8458    0.5936   0.04979  0.004568         0
   179/299     4.39G   0.02873  0.004927         0   0.03365         8       640    0.8934    0.7636    0.8454    0.5991   0.04818  0.004533         0
   180/299     4.39G   0.02877  0.004839         0   0.03361         9       640    0.8936    0.7632    0.8626    0.6082   0.04826  0.004414         0
   181/299     4.39G   0.02852  0.004887         0    0.0334         3       640    0.8744    0.7636    0.8588    0.6027   0.04863  0.004506         0
   182/299     4.39G   0.02926  0.005186         0   0.03445         9       640    0.8889    0.7272    0.8555    0.6113    0.0486  0.004496         0
   183/299     4.39G   0.02903  0.004782         0   0.03381         8       640    0.9268    0.6909    0.8495     0.617   0.04834  0.004537         0
   184/299     4.39G   0.02908  0.004946         0   0.03402         6       640    0.9485    0.6727    0.8522    0.6076   0.04794  0.004636         0
   185/299     4.39G   0.02821  0.004711         0   0.03292         4       640    0.9487    0.6724    0.8469    0.5995   0.04839  0.004526         0
   186/299     4.39G   0.02893  0.004799         0   0.03373         7       640    0.9282    0.7091    0.8425    0.6068   0.04896  0.004376         0
   187/299     4.39G   0.02807  0.004904         0   0.03298         5       640    0.8568    0.7636    0.8505    0.6125   0.04825  0.004397         0
   188/299     4.39G   0.02815  0.004868         0   0.03302         8       640    0.9293    0.7273    0.8619    0.6338   0.04753  0.004319         0
   189/299     4.39G   0.02774   0.00482         0   0.03256         7       640      0.82    0.7454    0.8332    0.6069   0.04674  0.004395         0
   190/299     4.39G   0.02912   0.00473         0   0.03385         5       640     0.869    0.7273    0.7981    0.5712   0.04735   0.00446         0
   191/299     4.39G   0.02711   0.00503         0   0.03214         8       640    0.6768    0.7996    0.6941    0.5096   0.04728  0.004375         0
   192/299     4.39G   0.02811  0.004879         0   0.03299         5       640    0.8958    0.7818    0.8805    0.6373   0.04739  0.004123         0
   193/299     4.39G    0.0273  0.005022         0   0.03232         4       640    0.9089    0.7273    0.8634    0.6295   0.04709  0.004239         0
   194/299     4.39G   0.02734  0.004859         0    0.0322         9       640    0.9487    0.6909    0.8636    0.6472   0.04691  0.004333         0
   195/299     4.39G   0.02924  0.005114         0   0.03436         8       640    0.9302    0.7273    0.8517    0.6377   0.04622  0.004351         0
   196/299     4.39G   0.02783  0.004968         0    0.0328        11       640    0.8148    0.7999    0.8543    0.6182    0.0464  0.004329         0
   197/299     4.39G   0.02864  0.004779         0   0.03342         8       640     0.754     0.836    0.8545    0.6051    0.0475  0.004261         0
   198/299     4.39G   0.02773  0.004825         0   0.03255         4       640    0.7854    0.7986    0.8531    0.6173   0.04781  0.004235         0
   199/299     4.39G   0.02844  0.004735         0   0.03318         3       640    0.7339    0.8545    0.8325    0.6068   0.04738  0.004312         0
   200/299     4.39G   0.02851  0.004829         0   0.03334         6       640    0.8571    0.6544    0.7605    0.5504   0.04659   0.00445         0
   201/299     4.39G   0.02602   0.00482         0   0.03084         5       640    0.7121    0.8545    0.8023    0.5818   0.04628   0.00448         0
   202/299     4.39G   0.02748  0.004781         0   0.03226         6       640    0.9011    0.6727    0.8007    0.5908   0.04549  0.004491         0
   203/299     4.39G   0.02773  0.004705         0   0.03243         9       640    0.7903    0.7636    0.7876    0.5726   0.04619  0.004482         0
   204/299     4.39G    0.0269  0.004674         0   0.03158         7       640    0.9318    0.7455    0.8783    0.6697   0.04653  0.004355         0
   205/299     4.39G   0.02701  0.005017         0   0.03202         4       640     0.875    0.7636    0.8805     0.653   0.04626   0.00426         0
   206/299     4.39G   0.02644  0.004561         0     0.031         6       640    0.8723    0.7455    0.8794    0.6738   0.04562  0.004229         0
   207/299     4.39G   0.02624  0.004888         0   0.03113         9       640    0.7205    0.8905    0.8765    0.6765   0.04583  0.004167         0
   208/299     4.39G    0.0264  0.004851         0   0.03125         9       640    0.7382    0.8714    0.8758    0.6531   0.04661  0.004145         0
   209/299     4.39G   0.02696  0.004697         0   0.03166         8       640    0.8428    0.7818    0.8704    0.6444   0.04686  0.004076         0
   210/299     4.39G   0.02625  0.004544         0   0.03079         7       640     0.913    0.7635    0.8837    0.6758   0.04687  0.004179         0
   211/299     4.39G   0.02674   0.00483         0   0.03157         5       640    0.9148    0.7818    0.8835    0.6625   0.04682  0.004255         0
   212/299     4.39G   0.02651  0.004769         0   0.03128         5       640    0.8069    0.8364    0.8885    0.6697   0.04632  0.004309         0
   213/299     4.39G   0.02645  0.004642         0   0.03109         5       640    0.8821    0.8182    0.8927    0.6666   0.04611   0.00432         0
   214/299     4.39G   0.02647   0.00452         0   0.03099         5       640    0.8726    0.8727    0.8767    0.6668   0.04533   0.00432         0
   215/299     4.39G   0.02544  0.004605         0   0.03004         8       640    0.8868    0.8544    0.8903    0.6796   0.04494  0.004226         0
   216/299     4.39G   0.02537  0.004784         0   0.03016         8       640    0.9038    0.8542    0.8983     0.663   0.04525  0.004186         0
   217/299     4.39G   0.02514   0.00456         0    0.0297         6       640    0.8407    0.8909    0.8938    0.6927   0.04493  0.004217         0
   218/299     4.39G   0.02696  0.004719         0   0.03168         6       640    0.8823    0.8175    0.8882    0.6822   0.04472  0.004261         0
   219/299     4.39G   0.02522  0.004605         0   0.02983         8       640       0.9     0.818    0.8783     0.657    0.0448  0.004336         0
   220/299     4.39G   0.02549  0.004591         0   0.03008         3       640    0.8269    0.8727    0.8936    0.6666   0.04552  0.004163         0
   221/299     4.39G    0.0255   0.00433         0   0.02983         6       640    0.8846    0.8363    0.9112    0.6715   0.04582  0.004086         0
   222/299     4.39G   0.02492  0.004681         0    0.0296         7       640    0.8102    0.8536    0.8863    0.6695   0.04505  0.004164         0
   223/299     4.39G    0.0254  0.004851         0   0.03025         9       640    0.8774    0.7818     0.868    0.6636   0.04532  0.004305         0
   224/299     4.39G   0.02673  0.004841         0   0.03158         7       640    0.8958    0.7817      0.88    0.6569   0.04546  0.004371         0
   225/299     4.39G   0.02538  0.004581         0   0.02996         6       640    0.8514    0.8364     0.891     0.662   0.04531  0.004264         0
   226/299     4.39G   0.02553  0.004802         0   0.03033         7       640    0.8627       0.8    0.8875     0.676   0.04458  0.004221         0
   227/299     4.39G   0.02606  0.004547         0   0.03061         4       640    0.8241    0.8545    0.8876    0.7032   0.04449  0.004227         0
   228/299     4.39G   0.02489  0.004834         0   0.02972         4       640    0.8702    0.8545    0.8927    0.6977   0.04473  0.004166         0
   229/299     4.39G   0.02524  0.004608         0   0.02985         7       640    0.8517    0.8364    0.8947    0.6972   0.04419  0.004086         0
   230/299     4.39G   0.02589   0.00461         0    0.0305         7       640    0.8391    0.8545    0.9031    0.6777   0.04463  0.004157         0
   231/299     4.39G   0.02502  0.004601         0   0.02962         6       640    0.8979    0.7998    0.9058    0.6946   0.04463   0.00411         0
   232/299     4.39G   0.02529  0.004727         0   0.03002         6       640    0.9548    0.7818    0.9107    0.7032   0.04436  0.004067         0
   233/299     4.39G   0.02487   0.00479         0   0.02966         6       640    0.8823    0.8181    0.9029    0.6941   0.04384  0.004021         0
   234/299     4.39G   0.02467  0.004653         0   0.02932         6       640    0.8653    0.8178     0.893    0.7065   0.04384  0.004051         0
   235/299     4.39G   0.02482   0.00477         0   0.02959         5       640    0.8958    0.7818     0.876    0.6873   0.04427  0.004084         0
   236/299     4.39G   0.02511  0.004756         0   0.02986         6       640       0.9     0.818    0.8942     0.688    0.0447  0.004009         0
   237/299     4.39G   0.02404  0.004217         0   0.02826         8       640       0.9    0.8181    0.8948    0.6889   0.04438  0.004072         0
   238/299     4.39G   0.02523  0.004566         0    0.0298         7       640    0.8999    0.8175       0.9    0.7062   0.04419  0.004033         0
   239/299     4.39G   0.02354  0.004431         0   0.02797         3       640    0.8997    0.8182    0.9037    0.7021   0.04426  0.004073         0
   240/299     4.39G   0.02529   0.00457         0   0.02986         5       640    0.8392    0.8543    0.8964    0.7019   0.04424   0.00411         0
   241/299     4.39G     0.025  0.004476         0   0.02947         9       640    0.9013    0.8364    0.8968    0.6982   0.04417  0.004134         0
   242/299     4.39G   0.02506  0.004295         0   0.02936         5       640    0.9183    0.8182    0.9008    0.6906   0.04422  0.004127         0
   243/299     4.39G   0.02429  0.004783         0   0.02908         7       640    0.8518    0.8358    0.8904    0.6733   0.04434  0.004227         0
   244/299     4.39G   0.02466  0.004313         0   0.02897        11       640    0.8484    0.8182    0.9017     0.698    0.0442  0.004196         0
   245/299     4.39G   0.02519  0.004563         0   0.02975        10       640    0.9314    0.7455    0.8961    0.6947   0.04432  0.004219         0
   246/299     4.39G   0.02428  0.004416         0   0.02869         3       640    0.8868    0.8545    0.9072    0.6926   0.04443  0.004176         0
   247/299     4.39G   0.02438  0.004507         0   0.02889         8       640    0.9037    0.8545    0.9122    0.7039   0.04435  0.004114         0
   248/299     4.39G   0.02349  0.004559         0   0.02805         8       640    0.8867    0.8545    0.9082    0.6985   0.04433  0.004028         0
   249/299     4.39G   0.02417  0.004361         0   0.02853         9       640    0.9019    0.8364    0.9072    0.6949    0.0445  0.004055         0
   250/299     4.39G   0.02404  0.004197         0   0.02823         3       640    0.8545    0.8543    0.9081    0.7024   0.04406  0.004086         0
   251/299     4.39G   0.02409  0.004804         0    0.0289         5       640    0.9035    0.8545    0.9083    0.6975    0.0441   0.00408         0
   252/299     4.39G   0.02382  0.004749         0   0.02857         6       640    0.8677    0.8364    0.9036    0.6955   0.04422  0.004036         0
   253/299     4.39G   0.02487  0.004655         0   0.02953         3       640    0.9347    0.7818    0.9047    0.7057   0.04402  0.004039         0
   254/299     4.39G   0.02371  0.004502         0   0.02821         5       640       0.9    0.8179    0.9001    0.6886   0.04427  0.004062         0
   255/299     4.39G   0.02344  0.004433         0   0.02788        12       640    0.9346    0.7818    0.9055    0.7103   0.04382   0.00403         0
   256/299     4.39G   0.02389    0.0046         0   0.02849         5       640    0.8821    0.8182     0.901    0.7039   0.04358  0.004041         0
   257/299     4.39G    0.0237   0.00445         0   0.02815         4       640    0.9164       0.8    0.8987    0.7047     0.043  0.004043         0
   258/299     4.39G   0.02504  0.004762         0   0.02981         9       640    0.9347    0.7818    0.8999    0.7016   0.04289  0.004019         0
   259/299     4.39G   0.02292  0.004343         0   0.02726         4       640    0.9375    0.8181    0.9062    0.7174   0.04272  0.004025         0
   260/299     4.39G   0.02308  0.004234         0   0.02731         5       640    0.9374    0.8182    0.9038    0.7029   0.04286  0.004116         0
   261/299     4.39G   0.02381  0.004478         0   0.02829         6       640    0.9199    0.8364    0.9141    0.7074   0.04296  0.004055         0
   262/299     4.39G   0.02416  0.004381         0   0.02854         9       640    0.9199    0.8364    0.9168    0.7284   0.04257  0.003991         0
   263/299     4.39G   0.02443  0.004199         0   0.02863         7       640    0.9215    0.8543    0.9152      0.72   0.04284  0.004029         0
   264/299     4.39G   0.02313  0.004329         0   0.02746         5       640    0.9216    0.8545    0.9159    0.7165   0.04295  0.003993         0
   265/299     4.39G   0.02423  0.004448         0   0.02868         8       640      0.94    0.8544    0.9207    0.7067   0.04355  0.003962         0
   266/299     4.39G    0.0235  0.004173         0   0.02768         4       640      0.94    0.8544      0.92    0.7243    0.0433  0.003995         0
   267/299     4.39G   0.02253  0.004411         0   0.02695         7       640    0.9216    0.8544    0.9192    0.7309    0.0431  0.004034         0
   268/299     4.39G   0.02284  0.004441         0   0.02728         7       640    0.9031    0.8545    0.9203    0.7246   0.04284   0.00393         0
   269/299     4.39G   0.02227  0.004556         0   0.02682         6       640    0.9197    0.8364     0.915    0.7254   0.04323  0.003975         0
   270/299     4.39G   0.02354  0.004518         0   0.02806         9       640     0.937    0.8182    0.9099    0.7132   0.04333  0.004046         0
   271/299     4.39G   0.02243  0.004358         0   0.02679        10       640    0.9373    0.8182    0.9142    0.7125    0.0433  0.004031         0
   272/299     4.39G   0.02412  0.004525         0   0.02865         8       640    0.9038    0.8545    0.9146    0.7035   0.04307  0.003967         0
   273/299     4.39G   0.02351  0.004528         0   0.02803         4       640    0.9399    0.8545    0.9137    0.7001   0.04306  0.003933         0
   274/299     4.39G   0.02281  0.004409         0   0.02721         7       640    0.9211    0.8545    0.9187    0.7136    0.0428  0.003874         0
   275/299     4.39G   0.02304  0.004463         0   0.02751         6       640    0.9385    0.8364    0.9177    0.7302   0.04267  0.003892         0
   276/299     4.39G   0.02293  0.004368         0    0.0273         7       640    0.9388    0.8364    0.9214    0.7357     0.043  0.003967         0
   277/299     4.39G   0.02258  0.004439         0   0.02702         8       640    0.9198    0.8364    0.9123    0.7347   0.04287  0.004026         0
   278/299     4.39G   0.02329  0.004472         0   0.02776         9       640    0.9216    0.8545    0.9149    0.7237   0.04319  0.003992         0
   279/299     4.39G   0.02251  0.004267         0   0.02677         7       640    0.9035    0.8545    0.9174    0.7092   0.04312  0.003991         0
   280/299     4.39G   0.02273  0.004455         0   0.02719        10       640    0.8844    0.8364    0.9094     0.707   0.04281  0.004034         0
   281/299     4.39G   0.02209  0.004373         0   0.02646         4       640    0.9038    0.8539    0.9136    0.7121   0.04294  0.004024         0
   282/299     4.39G   0.02118  0.004535         0   0.02572         5       640    0.9038    0.8545     0.911    0.7186   0.04278  0.003985         0
   283/299     4.39G    0.0227  0.004161         0   0.02686         5       640    0.9038    0.8545    0.9113    0.7158   0.04273     0.004         0
   284/299     4.39G   0.02225  0.004325         0   0.02658         7       640    0.9038    0.8542    0.9104    0.7231   0.04269  0.004037         0
   285/299     4.39G   0.02144  0.004182         0   0.02562         5       640    0.9376    0.8364     0.911     0.724   0.04269  0.004033         0
   286/299     4.39G   0.02253  0.004641         0   0.02717         4       640    0.9583    0.8355    0.9173    0.7376   0.04253  0.003988         0
   287/299     4.39G    0.0218  0.004535         0   0.02634         9       640    0.9037    0.8545    0.9174    0.7209   0.04221  0.003972         0
   288/299     4.39G   0.02245  0.004534         0   0.02699         8       640    0.9038    0.8543    0.9146    0.7316   0.04223  0.004007         0
   289/299     4.39G   0.02129  0.004399         0   0.02568         7       640    0.9197    0.8364    0.9045    0.7333   0.04226  0.004105         0
   290/299     4.39G   0.02151  0.004395         0    0.0259         6       640      0.92    0.8363    0.9035    0.7316    0.0423  0.004163         0
   291/299     4.39G    0.0221  0.004008         0    0.0261         6       640    0.9184    0.8181    0.8993    0.7378   0.04217  0.004189         0
   292/299     4.39G    0.0217  0.004598         0   0.02629         6       640    0.9183    0.8178    0.8974    0.7212   0.04252  0.004206         0
   293/299     4.39G   0.02276  0.004541         0    0.0273         7       640    0.9368    0.8182    0.9032    0.7261   0.04257  0.004149         0
   294/299     4.39G   0.02234  0.004482         0   0.02683        10       640    0.9196    0.8364    0.9099    0.7153   0.04256  0.004081         0
   295/299     4.39G   0.02237  0.004074         0   0.02645         6       640      0.92    0.8362    0.9102    0.7179   0.04234  0.004085         0
   296/299     4.39G   0.02189  0.004293         0   0.02618         7       640    0.9213    0.8545    0.9151    0.7378    0.0423  0.004065         0
   297/299     4.39G   0.02293  0.004336         0   0.02727         7       640    0.9397    0.8545    0.9172    0.7282    0.0423  0.004057         0
   298/299     4.39G    0.0228   0.00425         0   0.02705         5       640    0.9398    0.8545    0.9174     0.725   0.04229  0.004023         0
   299/299     4.39G   0.02304   0.00435         0   0.02739         8       640    0.9583    0.8362    0.9185    0.7376   0.04209  0.004042         0
