     0/299      1.2G   0.07867   0.02961         0    0.1083        48       640   0.05296   0.05754   0.01132  0.002383    0.1174   0.05073         0
     1/299     3.64G   0.06202   0.02983         0   0.09185        22       640    0.1558   0.08554   0.03607  0.007447    0.1179   0.05868         0
     2/299     3.64G   0.05097   0.03105         0   0.08202        69       640  0.001449   0.01244 4.634e-05 9.615e-06     0.122   0.05227         0
     3/299     3.87G    0.0488    0.0305         0    0.0793        91       640    0.2007   0.07776   0.04601  0.008102    0.1211   0.05252         0
     4/299     3.87G   0.04747   0.02991         0   0.07738        29       640    0.1017    0.1073   0.03594  0.007735     0.129   0.04086         0
     5/299     3.88G   0.04648   0.02983         0   0.07631        70       640    0.2109    0.2157    0.1077     0.021    0.1193   0.04212         0
     6/299     3.88G    0.0467   0.02917         0   0.07587        63       640   0.02339    0.2753   0.01417  0.002671    0.1241   0.05529         0
     7/299     3.88G   0.04444   0.02899         0   0.07343        74       640    0.1812    0.3157    0.1461    0.0342    0.1155   0.04076         0
     8/299     3.88G   0.04478    0.0293         0   0.07408        43       640    0.2205    0.2364    0.1038    0.0251    0.1231   0.05781         0
     9/299     3.88G   0.04441   0.02794         0   0.07236        28       640    0.3099    0.3576     0.225   0.05996    0.1094   0.04678         0
    10/299     3.88G   0.04537   0.03082         0   0.07619        26       640    0.2871    0.3748    0.2457    0.0721    0.1089   0.04987         0
    11/299     3.88G   0.04123    0.0315         0   0.07272        38       640    0.4417    0.3919    0.3402    0.1012    0.1054    0.0463         0
    12/299     3.88G    0.0416   0.03029         0   0.07189        27       640     0.469    0.3655    0.3641   0.09736    0.1031   0.04687         0
    13/299     3.88G   0.04222   0.02982         0   0.07203        43       640    0.4303    0.4968    0.4102    0.1247    0.1026   0.04601         0
    14/299     3.88G   0.03993   0.03049         0   0.07041        47       640    0.3825    0.5086    0.3735    0.1283   0.09957   0.04894         0
    15/299     3.88G   0.03897   0.03025         0   0.06921        38       640    0.4655    0.4557    0.4211    0.1367    0.1005   0.04888         0
    16/299     3.88G   0.04015    0.0308         0   0.07095        70       640    0.4717    0.4603    0.4339    0.1307    0.1002   0.04731         0
    17/299     3.88G   0.03829   0.03094         0   0.06922        42       640     0.492    0.4495    0.4213    0.1323   0.09974   0.04974         0
    18/299     3.88G   0.03876   0.03056         0   0.06932        31       640    0.4923    0.5241    0.4685    0.1614   0.09825   0.04781         0
    19/299     3.88G    0.0383   0.02958         0   0.06787        54       640    0.4359    0.4992    0.4304    0.1471   0.09849   0.04906         0
    20/299     3.88G   0.03956   0.03006         0   0.06962        37       640    0.4722    0.4697    0.4276    0.1372   0.09844   0.04872         0
    21/299     3.88G   0.03659   0.02874         0   0.06533        79       640    0.4639    0.5463    0.4853    0.1547   0.09865   0.04728         0
    22/299     3.88G   0.03844   0.02911         0   0.06755        52       640    0.4552    0.5406    0.4741      0.16   0.09762   0.04841         0
    23/299     3.88G   0.03681    0.0296         0   0.06641        57       640    0.5237    0.5023    0.4875     0.171   0.09754   0.04845         0
    24/299     3.88G   0.03946   0.02884         0    0.0683        41       640    0.4761    0.5229    0.4828    0.1708   0.09673   0.04934         0
    25/299     3.88G   0.03789   0.03031         0    0.0682        32       640    0.5205    0.5115    0.4915      0.18   0.09721   0.04938         0
    26/299     3.88G   0.03823   0.02937         0   0.06761        65       640    0.5151    0.4914    0.4796    0.1627   0.09802   0.04822         0
    27/299     3.88G   0.03791   0.02893         0   0.06684        41       640       0.5    0.5412    0.4919     0.175   0.09682   0.05031         0
    28/299     3.88G   0.03774   0.02851         0   0.06626        18       640    0.5093    0.5319      0.49    0.1737   0.09715   0.04871         0
    29/299     3.88G   0.03623   0.02927         0    0.0655        31       640    0.5728    0.5257    0.5468    0.2014   0.09613   0.04893         0
    30/299     3.88G   0.03726   0.02846         0   0.06572        35       640    0.5112    0.5179    0.4908    0.1826   0.09673   0.04941         0
    31/299     3.88G   0.03611   0.02877         0   0.06488        38       640    0.5316    0.5443    0.5394    0.1916   0.09628    0.0485         0
    32/299     3.88G   0.03738   0.02901         0   0.06639        23       640    0.5182     0.549    0.5187    0.1822   0.09656    0.0508         0
    33/299     3.88G   0.03606   0.02889         0   0.06495        22       640    0.5558    0.5312    0.5369    0.1942   0.09637   0.04912         0
    34/299     3.88G   0.03691    0.0294         0   0.06631        80       640    0.5364    0.5832    0.5361    0.1955   0.09608   0.04989         0
    35/299     3.88G   0.03781   0.02831         0   0.06612        62       640    0.5646    0.5723     0.563    0.2123   0.09585   0.04955         0
    36/299     3.88G   0.03563   0.02789         0   0.06352        57       640    0.5137     0.549    0.5251    0.1773   0.09623    0.0504         0
    37/299     3.88G   0.03653   0.02916         0   0.06569        49       640     0.542    0.5661    0.5404    0.1952   0.09515   0.04859         0
    38/299     3.88G   0.03589     0.029         0   0.06489        41       640    0.5398    0.5454    0.5195      0.19    0.0958   0.05047         0
    39/299     3.88G   0.03721   0.02776         0   0.06497        36       640    0.4955     0.633    0.5559    0.2038   0.09551   0.05047         0
    40/299     3.88G    0.0342   0.02937         0   0.06357        56       640    0.5395    0.5941    0.5605    0.1969    0.0954   0.04911         0
    41/299     3.88G   0.03673   0.02839         0   0.06512       120       640    0.5688    0.5319    0.5537    0.2057   0.09532   0.05135         0
    42/299     3.88G   0.03504    0.0289         0   0.06395        58       640    0.6181    0.5286    0.5682     0.216   0.09474   0.05132         0
    43/299     3.88G   0.03459   0.02878         0   0.06337        25       640    0.5316    0.5972    0.5646    0.2059   0.09438   0.05153         0
    44/299     3.88G    0.0365   0.02963         0   0.06613        38       640    0.5168    0.5972    0.5503    0.2087   0.09406   0.05128         0
    45/299     3.88G    0.0357   0.02851         0   0.06421        59       640    0.5635     0.591    0.5815    0.2186   0.09292   0.05192         0
    46/299     3.88G   0.03547   0.02879         0   0.06426        22       640    0.5609    0.6003    0.5836    0.2215   0.09248    0.0537         0
    47/299     3.88G   0.03315   0.02942         0   0.06257        62       640    0.5488    0.6252    0.5873    0.2166   0.09086   0.05567         0
    48/299     3.88G   0.03537    0.0282         0   0.06358        66       640    0.5509    0.5925    0.5793    0.2097   0.09008   0.05595         0
    49/299     3.88G   0.03454   0.02876         0    0.0633        30       640     0.579    0.5972    0.5855     0.216   0.08946   0.05708         0
    50/299     3.88G   0.03418   0.02839         0   0.06256        29       640    0.5866    0.5941    0.5803     0.219   0.08827   0.05658         0
    51/299     3.88G   0.03668   0.02951         0    0.0662        35       640    0.5056    0.5931    0.5385      0.19   0.08947   0.05734         0
    52/299     3.88G   0.03372   0.02864         0   0.06235        74       640     0.629    0.5037    0.5525    0.2025   0.08871   0.05817         0
    53/299     3.88G   0.03551   0.02984         0   0.06535        47       640    0.5951    0.5428     0.577    0.2047    0.0883    0.0558         0
    54/299     3.88G   0.03593   0.02813         0   0.06406        64       640    0.6192    0.5521    0.5859    0.2164   0.08747    0.0593         0
    55/299     3.88G   0.03491    0.0277         0    0.0626        45       640    0.5661    0.6252    0.6033     0.209   0.08775   0.05788         0
    56/299     3.88G   0.03428   0.02898         0   0.06327        36       640    0.6268    0.5474    0.5795     0.224   0.08761   0.05801         0
    57/299     3.88G   0.03474   0.02854         0   0.06328        42       640    0.6095    0.5599    0.5807    0.2188   0.08797   0.05866         0
    58/299     3.88G   0.03539   0.02905         0   0.06443        41       640    0.5853    0.5645    0.5797    0.2228   0.08757   0.05879         0
    59/299     3.88G   0.03524   0.02859         0   0.06383        56       640    0.5827     0.563    0.5831    0.2223   0.08736   0.05959         0
    60/299     3.88G   0.03481   0.02905         0   0.06386        18       640    0.5683    0.5723    0.5608    0.2129   0.08811   0.05887         0
    61/299     3.88G    0.0342   0.02887         0   0.06307        40       640     0.568    0.5972    0.5774    0.2219   0.08724   0.05896         0
    62/299     3.88G   0.03626   0.02727         0   0.06353        31       640    0.5918    0.6034    0.5976    0.2329   0.08692    0.0615         0
    63/299     3.88G   0.03426   0.02832         0   0.06259        54       640    0.6266    0.5054    0.5479    0.2075    0.0877     0.061         0
    64/299     3.88G   0.03585   0.02851         0   0.06436        80       640    0.5447    0.6143    0.5874     0.228   0.08697   0.06347         0
    65/299     3.88G   0.03621   0.02892         0   0.06514        40       640    0.5714    0.5537    0.5666    0.2167   0.08747   0.06179         0
    66/299     3.88G   0.03644   0.02806         0    0.0645        25       640    0.5654    0.5888    0.5734    0.2243   0.08738   0.06388         0
    67/299     3.88G   0.03557   0.02816         0   0.06372        21       640    0.5953    0.5661    0.5701    0.2241   0.08742   0.06283         0
    68/299     3.88G   0.03517   0.02872         0   0.06389        45       640    0.6252    0.5288    0.5597    0.2139   0.08813   0.06305         0
    69/299     3.88G   0.03498   0.02841         0   0.06339        56       640    0.5773    0.5785    0.5953    0.2309   0.08718   0.06313         0
    70/299     3.88G   0.03352   0.02839         0    0.0619        29       640    0.6107    0.5318    0.5566    0.2096    0.0876   0.06404         0
    71/299     3.88G   0.03455   0.02872         0   0.06328        31       640    0.6154    0.5505    0.5812    0.2268   0.08702   0.06484         0
    72/299     3.88G   0.03475   0.02774         0   0.06249        27       640    0.5924    0.5677    0.5702    0.2237   0.08691   0.06556         0
    73/299     3.88G   0.03411   0.02757         0   0.06169        35       640    0.6312     0.549    0.5811    0.2287   0.08733   0.06414         0
    74/299     3.88G   0.03526   0.02834         0   0.06359        55       640    0.5422    0.6023    0.5674      0.22   0.08707   0.06479         0
    75/299     3.88G   0.03437    0.0287         0   0.06307        29       640    0.5787    0.5879     0.576    0.2145     0.088   0.06542         0
    76/299     3.88G   0.03654   0.02695         0   0.06349        52       640    0.6023    0.6029    0.5916    0.2277   0.08739    0.0658         0
    77/299     3.88G   0.03293   0.02702         0   0.05995        36       640    0.5942    0.5692    0.5712    0.2176   0.08715   0.06639         0
    78/299     3.88G    0.0352   0.02801         0   0.06322        77       640    0.6086    0.5614    0.5802    0.2282   0.08666   0.06725         0
    79/299     3.88G   0.03416   0.02857         0   0.06273        39       640    0.6287    0.5241    0.5783      0.23   0.08744   0.06713         0
    80/299     3.88G   0.03493   0.02811         0   0.06304        46       640    0.6361    0.5474    0.5879      0.23   0.08733   0.06574         0
    81/299     3.88G    0.0346   0.02717         0   0.06177        36       640    0.6329    0.5365     0.569    0.2209   0.08769   0.06585         0
    82/299     3.88G   0.03327   0.02709         0   0.06036        60       640     0.626    0.5677     0.596    0.2344   0.08691    0.0678         0
    83/299     3.88G   0.03523   0.02816         0   0.06338        70       640    0.6065    0.5552    0.5736    0.2173   0.08766   0.06647         0
    84/299     3.88G   0.03669   0.02773         0   0.06442        33       640    0.5758    0.5894    0.5895    0.2298    0.0877   0.06731         0
    85/299     3.88G   0.03482   0.02691         0   0.06173        19       640     0.556    0.6019    0.5876    0.2293   0.08736   0.06805         0
    86/299     3.88G   0.03367   0.02707         0   0.06075        71       640    0.5733    0.6059    0.6029    0.2358   0.08666   0.06748         0
    87/299     3.88G   0.03289   0.02831         0    0.0612        15       640    0.6445     0.577    0.6004    0.2406   0.08702   0.06756         0
    88/299     3.88G   0.03361    0.0277         0   0.06131        52       640    0.6099    0.5982    0.6078    0.2453   0.08696   0.06841         0
    89/299     3.88G   0.03565   0.02886         0   0.06451        74       640    0.5664    0.5925    0.5763    0.2201   0.08771    0.0677         0
    90/299     3.88G    0.0328   0.02754         0   0.06033        49       640     0.574    0.5972    0.5702    0.2307   0.08753   0.06898         0
    91/299     3.88G   0.03456   0.02698         0   0.06154        19       640    0.5688    0.5816    0.5639     0.218   0.08809   0.06602         0
    92/299     3.88G   0.03603   0.02655         0   0.06258        40       640    0.6295    0.5412    0.5723    0.2233   0.08803   0.06764         0
    93/299     3.88G   0.03469   0.02691         0   0.06161        27       640     0.612    0.5428    0.5728    0.2307   0.08729   0.06937         0
    94/299     3.88G   0.03421   0.02729         0   0.06151        74       640    0.5545    0.5832    0.5589    0.2098   0.08906   0.06649         0
    95/299     3.88G   0.03521    0.0286         0   0.06381        98       640    0.5754    0.5334    0.5429    0.2092   0.08825   0.06782         0
    96/299     3.88G   0.03299   0.02782         0   0.06081        31       640    0.6305    0.5723    0.6066    0.2368    0.0874   0.06954         0
    97/299     3.88G   0.03477   0.02702         0   0.06179        25       640    0.5913    0.5879    0.5818    0.2268   0.08729   0.06955         0
    98/299     3.88G    0.0352    0.0268         0   0.06201        41       640    0.6316    0.5365    0.5677    0.2238   0.08702   0.06842         0
    99/299     3.88G   0.03458   0.02723         0   0.06181        50       640    0.6112    0.6014    0.5999    0.2286   0.08671   0.07104         0
   100/299     3.88G   0.03425   0.02545         0    0.0597        61       640    0.6298    0.5739    0.6059    0.2419   0.08622   0.07015         0
   101/299     3.88G   0.03209   0.02709         0   0.05918        48       640    0.5685    0.6024    0.5813     0.228   0.08675   0.07052         0
   102/299     3.88G   0.03367   0.02697         0   0.06063        35       640    0.6258    0.5692    0.5773    0.2297   0.08706      0.07         0
   103/299     3.88G   0.03587   0.02737         0   0.06324        27       640    0.6236     0.577    0.5859    0.2283    0.0869   0.07125         0
   104/299     3.88G   0.03487    0.0266         0   0.06147        28       640    0.5928    0.5848    0.5888    0.2298   0.08713   0.07143         0
   105/299     3.88G   0.03333   0.02754         0   0.06087        23       640     0.671    0.5234    0.5882    0.2315    0.0865   0.07239         0
   106/299     3.88G   0.03439   0.02782         0   0.06221        71       640    0.6412    0.5753    0.6061    0.2354   0.08657   0.07234         0
   107/299     3.88G   0.03339    0.0279         0   0.06129        40       640    0.6489    0.5805    0.6129     0.235   0.08623   0.06925         0
   108/299     3.88G    0.0343   0.02709         0   0.06139        48       640    0.5415    0.6361    0.5753    0.2242   0.08708   0.07211         0
   109/299     3.88G   0.03389   0.02619         0   0.06008        81       640    0.6166    0.5827    0.6028    0.2358   0.08637   0.07196         0
   110/299     3.88G   0.03413   0.02787         0     0.062        27       640     0.641    0.5568    0.5942    0.2256   0.08729   0.06873         0
   111/299     3.88G   0.03304   0.02701         0   0.06005        67       640    0.6274    0.5661    0.5825    0.2263    0.0867   0.07212         0
   112/299     3.88G   0.03284   0.02698         0   0.05982        69       640    0.5935    0.5941    0.5974    0.2447   0.08668   0.07187         0
   113/299     3.88G   0.03362   0.02642         0   0.06004        52       640    0.6623    0.5334    0.5906    0.2353   0.08698   0.07079         0
   114/299     3.88G   0.03405   0.02665         0    0.0607         8       640      0.59    0.6112    0.6053    0.2449   0.08675   0.07095         0
   115/299     3.88G   0.03498   0.02695         0   0.06193        37       640    0.5807    0.6094    0.5753    0.2323   0.08676   0.07073         0
   116/299     3.88G     0.035   0.02653         0   0.06153        24       640    0.6354    0.5428    0.5754     0.232   0.08671   0.07202         0
   117/299     3.88G   0.03377   0.02683         0    0.0606         8       640    0.5808    0.6078    0.5853    0.2388   0.08702   0.07355         0
   118/299     3.88G   0.03226   0.02695         0   0.05921        52       640    0.6071    0.6019    0.6055    0.2467   0.08662   0.07269         0
   119/299     3.88G   0.03246   0.02609         0   0.05856        27       640    0.5986    0.6128     0.583    0.2399   0.08666   0.07454         0
   120/299     3.88G   0.03515   0.02753         0   0.06267        65       640     0.608    0.5956    0.6158    0.2499   0.08618   0.07345         0
   121/299     3.88G    0.0345   0.02687         0   0.06137        19       640    0.5973    0.6143    0.6079    0.2411   0.08669   0.07121         0
   122/299     3.88G   0.03234    0.0264         0   0.05874        40       640    0.6144    0.5798    0.5962    0.2387   0.08687   0.07264         0
   123/299     3.88G   0.03292   0.02604         0   0.05896        20       640    0.6377    0.5723    0.5841    0.2309   0.08689   0.07568         0
   124/299     3.88G   0.03312   0.02719         0   0.06031        72       640    0.6431    0.6143    0.6298    0.2457   0.08663   0.07116         0
   125/299     3.88G   0.03378   0.02675         0   0.06053        66       640     0.594    0.5816    0.5912    0.2338   0.08683   0.07227         0
   126/299     3.88G   0.03372    0.0276         0   0.06132        88       640     0.585    0.5412    0.5501    0.2086   0.08792   0.07307         0
   127/299     3.88G   0.03423   0.02667         0    0.0609        64       640    0.5823    0.5956    0.5777    0.2279   0.08698    0.0741         0
   128/299     3.88G   0.03464   0.02638         0   0.06102        17       640    0.5677    0.6236    0.5988    0.2421   0.08645   0.07467         0
   129/299     3.88G   0.03225   0.02653         0   0.05878        48       640    0.6431    0.5583    0.5935    0.2353   0.08707   0.07281         0
   130/299     3.88G   0.03122   0.02579         0   0.05701        37       640    0.6089    0.5692    0.5876    0.2375    0.0872   0.07115         0
   131/299     3.88G   0.03441   0.02632         0   0.06072        57       640    0.5593     0.619    0.5918    0.2347   0.08688   0.07153         0
   132/299     3.88G   0.03195   0.02631         0   0.05827       168       640    0.6323     0.559    0.5947    0.2356   0.08656   0.07423         0
   133/299     3.88G   0.03107   0.02703         0    0.0581        40       640    0.5991    0.6204     0.614    0.2416    0.0865   0.07215         0
   134/299     3.88G   0.03491   0.02607         0   0.06098        76       640    0.6408    0.5299    0.5753    0.2214   0.08751   0.07543         0
   135/299     3.88G   0.03304   0.02616         0    0.0592        35       640    0.5977    0.5988    0.6022    0.2395   0.08647   0.07378         0
   136/299     3.88G   0.03354   0.02666         0    0.0602        86       640    0.6139    0.5723    0.5976     0.227   0.08679   0.07359         0
   137/299     3.88G   0.03329   0.02714         0   0.06043        50       640    0.6271    0.5676    0.5935    0.2311   0.08669   0.07445         0
   138/299     3.88G   0.03431   0.02816         0   0.06246        59       640    0.6104    0.6065    0.6004    0.2368    0.0873   0.07327         0
   139/299     3.88G    0.0322   0.02702         0   0.05921        23       640    0.6428    0.5832    0.6166    0.2396   0.08671   0.07394         0
   140/299     3.88G   0.03271   0.02607         0   0.05878        21       640    0.6062    0.5614     0.553    0.2113   0.08724   0.07417         0
   141/299     3.88G   0.03371   0.02605         0   0.05977        32       640     0.597    0.5677    0.5685    0.2214   0.08723   0.07366         0
   142/299     3.88G   0.03342   0.02676         0   0.06018        44       640    0.5782    0.5863    0.5786    0.2237   0.08703   0.07307         0
   143/299     3.88G   0.03203   0.02596         0     0.058        61       640     0.578    0.5815    0.5688    0.2256     0.087   0.07402         0
   144/299     3.88G   0.03271    0.0257         0   0.05842        32       640    0.6584     0.535    0.5877    0.2347   0.08701   0.07574         0
   145/299     3.88G    0.0336   0.02534         0   0.05894        88       640    0.6365    0.5568    0.5891    0.2335   0.08662   0.07468         0
   146/299     3.88G   0.03325   0.02668         0   0.05993        60       640    0.6228    0.5393    0.5886    0.2322   0.08701   0.07602         0
   147/299     3.88G   0.03294   0.02677         0   0.05971        25       640    0.5839    0.5785     0.578    0.2346   0.08665   0.07501         0
   148/299     3.88G    0.0329   0.02575         0   0.05865        81       640    0.5592    0.6594    0.6051    0.2391   0.08603    0.0785         0
   149/299     3.88G   0.03371   0.02588         0   0.05959        29       640    0.5956    0.6143    0.6077    0.2444   0.08615   0.07685         0
   150/299     3.88G   0.03368   0.02521         0   0.05889        39       640    0.5883    0.5979    0.5739    0.2292   0.08641   0.07852         0
   151/299     3.88G   0.03276   0.02633         0   0.05909        29       640    0.6121     0.577    0.5908    0.2339   0.08695   0.07644         0
   152/299     3.88G   0.03307   0.02526         0   0.05834        60       640    0.6398    0.5677    0.6029    0.2394   0.08717   0.07469         0
   153/299     3.88G   0.03509   0.02559         0   0.06068        65       640    0.6197     0.591    0.5887    0.2369   0.08655   0.07716         0
   154/299     3.88G    0.0357   0.02627         0   0.06197        40       640     0.596    0.5987    0.5707    0.2264   0.08647   0.07595         0
   155/299     3.88G   0.03326   0.02598         0   0.05924        15       640    0.5809    0.5801    0.5426    0.2122   0.08737   0.07693         0
   156/299     3.88G   0.03345   0.02505         0    0.0585        40       640    0.6013    0.5583    0.5525    0.2157   0.08721   0.07576         0
   157/299     3.88G    0.0335   0.02626         0   0.05976        52       640    0.5426     0.591     0.548    0.2214    0.0871   0.07732         0
   158/299     3.88G   0.03274   0.02703         0   0.05977        21       640    0.6372    0.5537    0.5818     0.231   0.08657   0.07626         0
   159/299     3.88G   0.03429   0.02583         0   0.06012        37       640    0.5642    0.6345    0.5856    0.2323   0.08662   0.07927         0
   160/299     3.88G   0.03338   0.02632         0   0.05971        11       640    0.5964    0.5907    0.5792    0.2297    0.0867   0.07796         0
   161/299     3.88G   0.03349   0.02637         0   0.05986        49       640    0.5657    0.6342    0.5901    0.2286   0.08655   0.07614         0
   162/299     3.88G   0.03038   0.02502         0   0.05539        28       640    0.5939    0.6283    0.5933    0.2292   0.08632   0.07702         0
   163/299     3.88G   0.03073     0.026         0   0.05673        33       640    0.5988    0.5848    0.5912    0.2335   0.08672   0.07606         0
   164/299     3.88G   0.03261   0.02475         0   0.05736        14       640     0.599    0.5971    0.5983     0.237   0.08632   0.07863         0
   165/299     3.88G   0.03294   0.02636         0   0.05929        21       640    0.5285    0.6034    0.5473    0.2144   0.08712   0.07753         0
   166/299     3.88G    0.0318   0.02604         0   0.05783        43       640    0.5799    0.6081    0.5962    0.2324   0.08676   0.07682         0
   167/299     3.88G   0.03254   0.02575         0   0.05829        54       640    0.5694    0.5879    0.5618    0.2209   0.08694   0.07774         0
   168/299     3.88G   0.03208   0.02576         0   0.05784        17       640     0.548    0.6563    0.5859    0.2316   0.08687   0.07586         0
   169/299     3.88G   0.03272   0.02509         0   0.05782        54       640    0.5862     0.591    0.5802    0.2275   0.08669   0.07746         0
   170/299     3.88G   0.03306   0.02471         0   0.05777        21       640    0.6012    0.5537    0.5722    0.2249   0.08698   0.07663         0
   171/299     3.88G   0.03064   0.02568         0   0.05632        90       640    0.5223    0.6546    0.5645     0.229   0.08692   0.07951         0
   172/299     3.88G   0.03354   0.02545         0   0.05898        77       640    0.5981    0.6128    0.5819    0.2327   0.08652   0.07958         0
   173/299     3.88G   0.03276    0.0265         0   0.05925        45       640    0.5941    0.6128    0.5898    0.2296   0.08622   0.07954         0
   174/299     3.88G   0.03054    0.0239         0   0.05444        35       640    0.5594    0.6141    0.5648    0.2193   0.08692   0.07627         0
   175/299     3.88G   0.03043   0.02497         0   0.05539        90       640    0.5633    0.5739    0.5387     0.214   0.08692   0.07794         0
   176/299     3.88G   0.03342   0.02483         0   0.05825        33       640    0.5598    0.6065    0.5687    0.2249   0.08661   0.07875         0
   177/299     3.88G   0.03151   0.02617         0   0.05768        38       640    0.5674    0.5917    0.5569    0.2144   0.08662   0.07942         0
   178/299     3.88G   0.03132   0.02618         0    0.0575        22       640    0.5509    0.6283    0.5758    0.2215   0.08712   0.07727         0
   179/299     3.88G   0.03232   0.02473         0   0.05705        87       640    0.5587    0.5832    0.5489    0.2118   0.08712   0.07739         0
   180/299     3.88G   0.03206   0.02505         0   0.05711        35       640    0.5697     0.577     0.543    0.2131    0.0868   0.07866         0
   181/299     3.88G   0.03209   0.02476         0   0.05685        39       640    0.5761    0.5708    0.5461    0.2117   0.08658     0.078         0
   182/299     3.88G   0.03283   0.02479         0   0.05761        43       640     0.583    0.5459    0.5397    0.2127    0.0872   0.07786         0
   183/299     3.88G   0.03435    0.0253         0   0.05964        43       640    0.5916    0.5768    0.5716    0.2236   0.08649    0.0787         0
   184/299     3.88G   0.03092   0.02511         0   0.05602        68       640    0.6192    0.5272      0.55    0.2131   0.08681   0.07866         0
   185/299     3.88G   0.03112   0.02498         0    0.0561        43       640    0.5149    0.6404    0.5654    0.2177   0.08681   0.07874         0
   186/299     3.88G   0.03108   0.02509         0   0.05617        94       640     0.553    0.5972    0.5662    0.2209   0.08659   0.07911         0
   187/299     3.88G   0.03154   0.02365         0   0.05519        36       640    0.5497    0.6607    0.5766    0.2211   0.08661   0.07831         0
   188/299     3.88G   0.03383   0.02523         0   0.05905        26       640    0.5826    0.5801    0.5594    0.2212   0.08685   0.07864         0
   189/299     3.88G   0.03538   0.02532         0    0.0607        68       640    0.5931    0.5692    0.5676    0.2248   0.08693    0.0779         0
   190/299     3.88G   0.03006   0.02527         0   0.05533        37       640    0.6343    0.5381    0.5499    0.2141   0.08691   0.07984         0
   191/299     3.88G   0.03082   0.02482         0   0.05564        30       640    0.5366    0.6439    0.5669    0.2184   0.08673   0.08127         0
   192/299     3.88G   0.03104   0.02434         0   0.05538        48       640    0.5787    0.6216    0.5744    0.2244   0.08652   0.07838         0
   193/299     3.88G   0.02966   0.02508         0   0.05474        32       640    0.5791    0.5778    0.5534    0.2145   0.08695   0.07777         0
   194/299     3.88G   0.03216   0.02409         0   0.05626        44       640    0.6147    0.5459    0.5624    0.2196   0.08707   0.07745         0
   195/299     3.88G   0.03195   0.02394         0   0.05589        54       640    0.4829    0.7138    0.5598    0.2192   0.08652   0.07928         0
   196/299     3.88G   0.03166    0.0239         0   0.05556        49       640    0.5211    0.6314    0.5675    0.2201   0.08714   0.07822         0
   197/299     3.88G   0.03121   0.02508         0   0.05629        67       640    0.5393    0.5956    0.5487    0.2176   0.08682    0.0788         0
   198/299     3.88G   0.03075   0.02472         0   0.05547        52       640    0.5578    0.6174    0.5692    0.2175   0.08684   0.07876         0
   199/299     3.88G   0.03194   0.02388         0   0.05582        29       640    0.5354    0.6159    0.5398    0.2102   0.08663   0.07878         0
   200/299     3.88G     0.031   0.02509         0   0.05609        64       640    0.5507    0.5801    0.5338     0.214   0.08647   0.08025         0
   201/299     3.88G   0.03033   0.02479         0   0.05512        30       640     0.544     0.591    0.5429    0.2137   0.08666   0.07961         0
   202/299     3.88G   0.03058    0.0244         0   0.05498        79       640    0.5577    0.5923    0.5467    0.2127   0.08668   0.07909         0
   203/299     3.88G   0.03119   0.02393         0   0.05513        49       640     0.581    0.5568    0.5425    0.2086   0.08701   0.08046         0
   204/299     3.88G   0.03319   0.02424         0   0.05743        24       640    0.5562    0.6221    0.5606    0.2211   0.08681   0.07796         0
   205/299     3.88G   0.03281    0.0243         0    0.0571        27       640    0.5979    0.5459    0.5441    0.2158   0.08666   0.07987         0
   206/299     3.88G   0.03105   0.02494         0   0.05599       106       640     0.588    0.5815    0.5604    0.2211   0.08691   0.07915         0
   207/299     3.88G   0.03105   0.02479         0   0.05583        28       640    0.5803    0.5784    0.5599    0.2206   0.08668   0.07959         0
   208/299     3.88G   0.03138   0.02224         0   0.05362        23       640    0.6089    0.5738    0.5686    0.2216   0.08664   0.07992         0
   209/299     3.88G   0.03436    0.0245         0   0.05885        75       640     0.566    0.5972    0.5567    0.2142   0.08709   0.08021         0
   210/299     3.88G   0.03167   0.02413         0    0.0558        51       640    0.5641    0.5801    0.5571    0.2221   0.08661   0.08019         0
   211/299     3.88G    0.0298    0.0245         0    0.0543        11       640    0.5978     0.541    0.5464     0.221   0.08635   0.08122         0
   212/299     3.88G   0.03191    0.0242         0   0.05611        21       640     0.537    0.6314    0.5578    0.2179   0.08636   0.08121         0
   213/299     3.88G   0.02998   0.02406         0   0.05404        79       640    0.6889    0.5132    0.5788    0.2242   0.08622   0.08081         0
   214/299     3.88G   0.02936    0.0241         0   0.05346        50       640    0.5454    0.6143    0.5495    0.2154   0.08629   0.08035         0
   215/299     3.88G   0.03287   0.02473         0    0.0576        39       640    0.5486    0.6142    0.5542    0.2161   0.08642    0.0813         0
   216/299     3.88G   0.03182   0.02471         0   0.05653        22       640    0.5972    0.5863    0.5731    0.2256   0.08636   0.07895         0
   217/299     3.88G   0.03081   0.02408         0   0.05489        65       640    0.5325    0.6547    0.5655    0.2255   0.08628   0.08017         0
   218/299     3.88G   0.03089   0.02544         0   0.05633        20       640    0.5692     0.591    0.5524    0.2188   0.08636   0.08001         0
   219/299     3.88G   0.03107   0.02482         0   0.05589        49       640    0.5348     0.633    0.5764    0.2315   0.08593   0.08137         0
   220/299     3.88G   0.03115   0.02396         0   0.05512        57       640    0.5639    0.6019     0.563    0.2251   0.08605   0.07982         0
   221/299     3.88G   0.03171   0.02446         0   0.05617        23       640    0.6259    0.5333    0.5543    0.2223   0.08599   0.08017         0
   222/299     3.88G    0.0325   0.02341         0   0.05591        36       640    0.6209    0.5502    0.5559    0.2241   0.08675   0.07923         0
   223/299     3.88G   0.03031    0.0242         0   0.05451        34       640    0.6115     0.541    0.5602    0.2227   0.08642   0.08019         0
   224/299     3.88G   0.03409   0.02452         0   0.05861        47       640    0.5905     0.563    0.5526    0.2191   0.08618   0.08057         0
   225/299     3.88G   0.03073   0.02511         0   0.05584        49       640    0.6153    0.5552    0.5534     0.221    0.0863   0.08168         0
   226/299     3.88G    0.0295   0.02346         0   0.05296        24       640    0.5747     0.622    0.5657    0.2268   0.08609   0.08151         0
   227/299     3.88G   0.02941   0.02401         0   0.05342        21       640     0.612    0.5677    0.5644    0.2245   0.08607   0.08224         0
   228/299     3.88G   0.03139   0.02481         0    0.0562        32       640    0.5698    0.6019    0.5602    0.2254   0.08593   0.08209         0
   229/299     3.88G   0.02986   0.02337         0   0.05322        42       640    0.5279    0.6703    0.5658    0.2224   0.08655   0.08004         0
   230/299     3.88G   0.03138   0.02488         0   0.05626        72       640    0.5845    0.5692    0.5393    0.2138   0.08637   0.08066         0
   231/299     3.88G   0.02995    0.0239         0   0.05385        56       640    0.5429    0.6262     0.558    0.2176   0.08642   0.08056         0
   232/299     3.88G   0.03108   0.02502         0    0.0561        70       640    0.6293    0.5361    0.5566    0.2185    0.0863   0.08137         0
   233/299     3.88G   0.03077   0.02479         0   0.05556        74       640    0.5456    0.6501    0.5739    0.2202   0.08602   0.08232         0
   234/299     3.88G   0.03318   0.02324         0   0.05642        33       640    0.5527    0.6096    0.5535    0.2145   0.08648   0.08192         0
   235/299     3.88G   0.03231    0.0236         0   0.05591        30       640     0.591    0.5692    0.5541    0.2181    0.0865   0.08175         0
   236/299     3.88G   0.02908   0.02394         0   0.05302        53       640    0.5628    0.5972    0.5451    0.2141    0.0867   0.08175         0
   237/299     3.88G   0.03132   0.02377         0   0.05509        26       640    0.5801     0.605    0.5479    0.2138   0.08674   0.08072         0
   238/299     3.88G   0.03094   0.02504         0   0.05598        52       640    0.5804    0.5988    0.5641     0.222   0.08617   0.08036         0
   239/299     3.88G    0.0291   0.02338         0   0.05248        55       640    0.5828    0.6034    0.5671    0.2223   0.08579   0.08212         0
   240/299     3.88G   0.03318    0.0243         0   0.05748        33       640    0.5607    0.6236    0.5702    0.2205   0.08621   0.08239         0
   241/299     3.88G   0.03048   0.02385         0   0.05433        54       640    0.5541    0.6267    0.5614    0.2234   0.08621    0.0815         0
   242/299     3.88G    0.0309   0.02382         0   0.05472        81       640    0.6151    0.5643    0.5572    0.2168   0.08639   0.08181         0
   243/299     3.88G   0.03038    0.0235         0   0.05388        50       640    0.5804    0.5816    0.5599    0.2201   0.08628   0.08254         0
   244/299     3.88G   0.03082   0.02345         0   0.05428        28       640    0.5937    0.5795    0.5583     0.221    0.0862   0.08302         0
   245/299     3.88G   0.03001   0.02299         0     0.053        29       640    0.5962    0.5719    0.5493     0.212   0.08661   0.08211         0
   246/299     3.88G   0.03093   0.02316         0   0.05409        75       640    0.5695    0.5906    0.5464    0.2173   0.08681    0.0813         0
   247/299     3.88G   0.03308   0.02447         0   0.05754        29       640     0.585    0.5766    0.5502    0.2138   0.08663    0.0819         0
   248/299     3.88G   0.03449   0.02433         0   0.05882        56       640    0.5482    0.6112    0.5423    0.2075   0.08686   0.08194         0
   249/299     3.88G     0.031   0.02368         0   0.05468        45       640    0.5754    0.5863    0.5565    0.2147   0.08693   0.08158         0
   250/299     3.88G   0.02917   0.02355         0   0.05272        51       640    0.5596     0.591    0.5454     0.214   0.08672   0.08288         0
   251/299     3.88G   0.03145   0.02246         0    0.0539        36       640    0.5533    0.6174     0.546    0.2147   0.08627   0.08326         0
   252/299     3.88G   0.02955   0.02384         0   0.05339        55       640    0.5486    0.6205    0.5546    0.2202   0.08639   0.08214         0
   253/299     3.88G   0.02961   0.02346         0   0.05306         9       640    0.5217    0.6299      0.54    0.2102   0.08657    0.0828         0
   254/299     3.88G   0.03197   0.02325         0   0.05521        16       640    0.5727    0.5863    0.5441     0.215   0.08625   0.08458         0
   255/299     3.88G   0.02933   0.02321         0   0.05254        26       640    0.5714    0.5941    0.5497    0.2202   0.08621   0.08306         0
   256/299     3.88G   0.03071   0.02313         0   0.05384        40       640    0.5771    0.5879    0.5433    0.2137   0.08652   0.08307         0
   257/299     3.88G   0.03184   0.02374         0   0.05558        96       640    0.5967    0.6019    0.5644    0.2179   0.08637   0.08326         0
   258/299     3.88G   0.03073   0.02318         0   0.05391        11       640    0.5965    0.6096    0.5707     0.219   0.08629   0.08426         0
   259/299     3.88G   0.03059   0.02406         0   0.05465        83       640     0.569    0.6205    0.5599    0.2146   0.08636   0.08336         0
   260/299     3.88G    0.0338   0.02457         0   0.05837        15       640    0.5274    0.6267    0.5344    0.2045   0.08675   0.08197         0
   261/299     3.88G   0.02902   0.02276         0   0.05178        44       640     0.582    0.5677    0.5408     0.209   0.08626   0.08345         0
   262/299     3.88G   0.03189   0.02384         0   0.05574        37       640    0.5612    0.5941    0.5495    0.2144   0.08634   0.08285         0
   263/299     3.88G   0.02903   0.02295         0   0.05198        68       640    0.5684    0.6034    0.5552    0.2178   0.08625   0.08285         0
   264/299     3.88G   0.03083   0.02356         0   0.05439        84       640    0.5662    0.6252    0.5591     0.223   0.08613   0.08298         0
   265/299     3.88G   0.03007   0.02273         0    0.0528        42       640    0.5994    0.5614    0.5388    0.2104   0.08657   0.08293         0
   266/299     3.88G   0.02977   0.02274         0   0.05251        34       640    0.5495    0.6174    0.5418    0.2196   0.08651   0.08226         0
   267/299     3.88G   0.03211   0.02278         0   0.05489        52       640    0.5493    0.6274    0.5364    0.2154   0.08619   0.08285         0
   268/299     3.88G   0.02956   0.02334         0    0.0529        41       640    0.5532    0.6112    0.5408    0.2143   0.08604   0.08289         0
   269/299     3.88G   0.03029   0.02411         0    0.0544       103       640    0.5529    0.6314    0.5512    0.2209   0.08618   0.08304         0
   270/299     3.88G   0.02873   0.02327         0     0.052        14       640      0.58    0.5905    0.5562    0.2208   0.08613   0.08393         0
   271/299     3.88G   0.03133   0.02326         0    0.0546        14       640     0.536    0.6579    0.5594    0.2148   0.08654   0.08282         0
   272/299     3.88G   0.02994   0.02295         0   0.05288        32       640    0.5895    0.5785    0.5576    0.2177    0.0864   0.08412         0
   273/299     3.88G   0.03226   0.02285         0   0.05511        21       640    0.6111    0.5548    0.5639    0.2204   0.08612   0.08556         0
   274/299     3.88G   0.03176   0.02298         0   0.05473        31       640    0.5688    0.5988    0.5568    0.2173    0.0865   0.08266         0
   275/299     3.88G    0.0305   0.02286         0   0.05337        29       640    0.5896    0.5831    0.5496    0.2167   0.08652   0.08402         0
   276/299     3.88G   0.03182   0.02382         0   0.05564        39       640    0.5827    0.5879    0.5395    0.2119   0.08646   0.08444         0
   277/299     3.88G   0.03208   0.02257         0   0.05465        31       640    0.5901    0.5848    0.5615    0.2173   0.08625   0.08453         0
   278/299     3.88G   0.03174     0.024         0   0.05574        44       640    0.5564     0.591    0.5407    0.2118   0.08656   0.08327         0
   279/299     3.88G   0.03147   0.02419         0   0.05565        49       640    0.6051    0.5816     0.557    0.2169   0.08663     0.084         0
   280/299     3.88G   0.03015   0.02372         0   0.05387        63       640    0.5653    0.6143    0.5567    0.2175   0.08649   0.08442         0
   281/299     3.88G   0.03108   0.02307         0   0.05415        13       640    0.5392    0.6143    0.5418    0.2171    0.0866   0.08406         0
   282/299     3.88G   0.03002   0.02275         0   0.05277        47       640    0.5984    0.5614    0.5493    0.2202   0.08638    0.0848         0
   283/299     3.88G   0.03061   0.02344         0   0.05405        54       640    0.5512    0.6265    0.5568    0.2194   0.08625   0.08504         0
   284/299     3.88G   0.03007   0.02271         0   0.05277        30       640    0.5553    0.6159    0.5555    0.2195   0.08633   0.08406         0
   285/299     3.88G   0.02952   0.02334         0   0.05286        39       640    0.5294    0.6387    0.5507    0.2135   0.08671   0.08256         0
   286/299     3.88G   0.03008    0.0239         0   0.05398        32       640    0.5968    0.5537    0.5469    0.2147   0.08656   0.08312         0
   287/299     3.88G   0.03277   0.02394         0    0.0567        66       640    0.5619    0.6204    0.5515    0.2142   0.08665   0.08368         0
   288/299     3.88G   0.03239   0.02173         0   0.05412        29       640    0.6212    0.5458    0.5524    0.2145   0.08643   0.08492         0
   289/299     3.88G   0.03167    0.0231         0   0.05477        12       640    0.5591    0.5894    0.5383    0.2117    0.0867   0.08427         0
   290/299     3.88G   0.03031   0.02238         0   0.05269        93       640    0.5727    0.5972    0.5575    0.2177   0.08639   0.08553         0
   291/299     3.88G   0.03196   0.02261         0   0.05457        41       640    0.5907    0.5971    0.5573    0.2113   0.08655   0.08574         0
   292/299     3.88G   0.02919   0.02375         0   0.05294        54       640    0.5501    0.6236    0.5564    0.2166   0.08688   0.08346         0
   293/299     3.88G   0.03204   0.02392         0   0.05596        44       640     0.576     0.583    0.5498    0.2172   0.08678   0.08393         0
   294/299     3.88G   0.03039   0.02331         0    0.0537       175       640    0.5788    0.5706    0.5395    0.2152   0.08657   0.08448         0
   295/299     3.88G   0.03264    0.0227         0   0.05534        17       640    0.5669    0.6128    0.5452    0.2119   0.08636   0.08508         0
   296/299     3.88G   0.03109   0.02308         0   0.05417        34       640     0.573    0.5956    0.5398     0.213   0.08637   0.08479         0
   297/299     3.88G   0.02992   0.02254         0   0.05245        17       640    0.5761    0.6096    0.5479    0.2152   0.08623   0.08525         0
   298/299     3.88G   0.02904   0.02218         0   0.05123        30       640     0.545     0.619    0.5394    0.2149   0.08634    0.0845         0
   299/299     3.88G   0.02927   0.02295         0   0.05222        22       640    0.6066    0.5334    0.5319     0.211   0.08671   0.08407         0
