     0/499     3.46G   0.06305   0.01104   0.01773   0.09181        22       640   0.05038    0.2903   0.03996   0.01084    0.0932   0.01301   0.01589
     1/499     3.61G   0.05267  0.009575   0.01209   0.07433        16       640   0.01513   0.07395  0.001723 0.0003689    0.1202   0.06004    0.1015
     2/499     4.81G   0.05626  0.009024    0.0121   0.07738        13       640   0.06679    0.1946   0.03601  0.007845    0.1043   0.01193   0.01545
     3/499     4.81G   0.05408  0.009302   0.01125   0.07463        21       640    0.1027    0.2183   0.07601   0.02098   0.09814   0.01236   0.01608
     4/499     4.81G    0.0522   0.00945   0.01071   0.07237        23       640    0.1271    0.1594   0.05947   0.01477   0.09906   0.01331   0.01606
     5/499     4.81G   0.05169  0.009393   0.01083   0.07192        18       640    0.1155    0.1667   0.05015   0.01364    0.1018   0.01246   0.01918
     6/499     4.81G   0.05061  0.009304    0.0102   0.07012        18       640    0.1955     0.238    0.1232   0.04049   0.09643   0.01191   0.01423
     7/499     4.81G   0.04884   0.00968  0.009886   0.06841        16       640    0.2441    0.2653    0.1589   0.05132   0.09241   0.01243   0.01424
     8/499     4.81G   0.04866   0.00954  0.009664   0.06787        19       640    0.2391    0.2902    0.1616   0.05313   0.08943   0.01323    0.0155
     9/499     4.81G   0.04788  0.009713  0.009696   0.06729        14       640    0.2315     0.323    0.1771     0.061   0.08798   0.01299   0.01399
    10/499     4.81G   0.04596  0.009737  0.009379   0.06508        19       640    0.2918    0.2704    0.2027   0.07487   0.08803   0.01257   0.01443
    11/499     4.81G   0.04598  0.009711  0.009348   0.06504        19       640     0.257    0.3614    0.2044   0.08015   0.08647   0.01311   0.01336
    12/499     4.81G   0.04472  0.009843  0.008984   0.06355        18       640     0.307    0.2886    0.2048   0.08004    0.0878   0.01194   0.01374
    13/499     4.82G   0.04427  0.009808  0.008867   0.06295        29       640    0.3268    0.2756    0.2175   0.08051   0.08665   0.01232   0.01315
    14/499     4.82G   0.04424  0.009732  0.008719   0.06269        18       640    0.2667    0.3223    0.1962   0.07531   0.08528   0.01224   0.01298
    15/499     4.82G   0.04335  0.009914  0.008771   0.06203        15       640    0.2881    0.3615    0.2481   0.09638   0.08483   0.01222   0.01304
    16/499     4.82G   0.04293  0.009866  0.008781   0.06157        23       640    0.2992    0.3249    0.2264   0.08847    0.0857   0.01235   0.01504
    17/499     4.82G   0.04361   0.01001  0.008578    0.0622        10       640    0.2987    0.3411    0.2225   0.09152   0.08279   0.01985   0.01253
    18/499     4.82G   0.04313  0.009923  0.008549    0.0616         8       640    0.3115    0.3563    0.2406   0.09797   0.08429   0.01239   0.01199
    19/499     4.82G   0.04302   0.01002  0.008486   0.06153        10       640    0.3405    0.3478    0.2662    0.1132   0.08346   0.01228   0.01182
    20/499     4.82G   0.04238   0.01018  0.008222   0.06078         6       640    0.3232    0.3438    0.2625    0.1085   0.07974   0.01287   0.01204
    21/499     4.82G   0.04187    0.0101  0.008439   0.06041        12       640    0.2977    0.3614    0.2152   0.08476   0.08245   0.01272   0.01323
    22/499     4.82G   0.04165  0.009939    0.0083   0.05989        14       640    0.3825    0.3151    0.2666    0.1155    0.0805   0.01249   0.01289
    23/499     4.82G   0.04166   0.01017  0.008372    0.0602        21       640    0.3176    0.4125       0.3    0.1301   0.08107   0.01224   0.01188
    24/499     4.82G   0.04213  0.009775  0.008123   0.06003        14       640     0.371    0.3428    0.2851     0.123   0.08334   0.01191   0.01205
    25/499     4.82G   0.04098  0.009913  0.008037   0.05893        17       640    0.2973    0.4106    0.2774    0.1182   0.08289    0.0122   0.01199
    26/499     4.82G    0.0408  0.009876  0.008311   0.05899        13       640    0.3556    0.3406    0.2609    0.1156   0.08246   0.01216   0.01261
    27/499     4.82G   0.04189   0.01005  0.008158   0.06009        21       640    0.3995    0.3885    0.3236    0.1351   0.07734   0.01266    0.0122
    28/499     4.82G     0.041  0.009918  0.008503   0.05942        23       640    0.3536    0.3681    0.2921    0.1284    0.0797   0.01235   0.01182
    29/499     4.82G   0.04088      0.01  0.008279   0.05916        12       640    0.3851     0.371    0.3065    0.1303   0.07596   0.01281    0.0118
    30/499     4.82G   0.04092  0.009964  0.007898   0.05878        20       640      0.37    0.3864    0.3037    0.1339   0.07561   0.01288   0.01214
    31/499     4.82G   0.04032   0.01008  0.008261   0.05865        29       640     0.346     0.468    0.3322    0.1482    0.0759   0.01276   0.01144
    32/499     4.82G   0.04063   0.01021  0.008336   0.05918        13       640    0.4382    0.3625    0.3452    0.1584   0.07492   0.01299   0.01103
    33/499     4.82G   0.04039   0.01017  0.007597   0.05816        19       640    0.3648    0.4297    0.3282    0.1522   0.07416    0.0131   0.01149
    34/499     4.82G   0.04046   0.00997  0.008259   0.05869        13       640    0.4461    0.3476    0.3346     0.157   0.07379   0.01305   0.01194
    35/499     4.82G   0.04033   0.01017  0.008112   0.05861        19       640     0.348    0.3714    0.3156    0.1479   0.07146   0.01342   0.01166
    36/499     4.82G   0.03991   0.01014  0.008144   0.05819        11       640    0.3754    0.4361    0.3572     0.159    0.0702   0.01347   0.01125
    37/499     4.82G   0.03961    0.0102  0.007824   0.05764        25       640    0.3406    0.4779    0.3433      0.16   0.06989   0.01362   0.01269
    38/499     4.82G   0.04005   0.01022  0.007775   0.05805        39       640    0.3437    0.4576    0.3399    0.1631   0.07141   0.01318   0.01098
    39/499     4.82G    0.0398   0.01013   0.00754   0.05747        22       640    0.3752    0.3884    0.3348    0.1562   0.06982   0.01345   0.01143
    40/499     4.82G   0.03943   0.01024  0.007789   0.05746        25       640    0.4455    0.3792    0.3449      0.16   0.07055   0.01306   0.01094
    41/499     4.82G   0.04003    0.0101  0.008114   0.05824        13       640    0.4132     0.411    0.3633    0.1681   0.07321   0.01236   0.01152
    42/499     4.82G    0.0394   0.01006  0.007933    0.0574        25       640    0.4392     0.417    0.3587    0.1731   0.07127   0.01282   0.01122
    43/499     4.82G   0.03968    0.0102  0.007541   0.05743        11       640    0.4223    0.4114    0.3589    0.1676   0.07145   0.01295   0.01153
    44/499     4.82G   0.03942      0.01  0.007862   0.05728        18       640    0.3543    0.4451    0.3531      0.17   0.07132   0.01306    0.0108
    45/499     4.82G   0.04002   0.01023   0.00789   0.05814        25       640    0.3975    0.4249    0.3563    0.1688   0.06992   0.01324   0.01102
    46/499     4.82G   0.03888   0.01025  0.007547   0.05668         6       640    0.4084    0.4013    0.3544    0.1705   0.06959   0.01341   0.01137
    47/499     4.82G   0.03973   0.01039  0.007677   0.05779        15       640    0.4142    0.4555    0.3965    0.1893   0.06817   0.01352   0.01047
    48/499     4.82G    0.0389   0.01037  0.007685   0.05695        16       640     0.452    0.3941    0.3739    0.1765   0.06618   0.01387   0.01011
    49/499     4.82G   0.03852   0.01014  0.007671   0.05633        13       640    0.3653    0.4462     0.353    0.1718   0.06586     0.014   0.01065
    50/499     4.82G    0.0385   0.01042  0.007914   0.05683         9       640    0.4069    0.4161    0.3713    0.1745   0.06721   0.01381   0.01021
    51/499     4.82G   0.03802   0.01016  0.007559   0.05574         8       640    0.3378    0.5037    0.3654    0.1742   0.06635    0.0139   0.01065
    52/499     4.82G   0.03822   0.01032  0.007635   0.05617         9       640    0.4084     0.426    0.3843    0.1826   0.06527   0.01409   0.01044
    53/499     4.82G   0.03838   0.01027   0.00754    0.0562        15       640    0.4351    0.4418    0.3907    0.1864   0.06357   0.01431   0.01063
    54/499     4.82G   0.03801   0.01044  0.007284   0.05573        13       640    0.3992    0.4911     0.392    0.1955   0.06498   0.01401    0.0106
    55/499     4.82G   0.03776   0.01035  0.007334   0.05545        18       640    0.4152    0.4477    0.3846    0.1823   0.06401   0.01418   0.01044
    56/499     4.82G   0.03763   0.01035  0.007398   0.05537        26       640    0.4418    0.4523     0.403    0.1915   0.06312   0.01426   0.01062
    57/499     4.82G   0.03805   0.01031  0.007619   0.05598        11       640    0.3903    0.4589    0.3754    0.1807    0.0631   0.01451   0.01065
    58/499     4.82G   0.03788   0.01062  0.007047   0.05555        11       640    0.3893    0.4778    0.3853    0.1925   0.06072   0.01496   0.01071
    59/499     4.82G   0.03746   0.01036  0.007246   0.05506        26       640    0.3782    0.4708    0.3873    0.1968   0.06102   0.01476   0.01046
    60/499     4.82G   0.03782   0.01051  0.007364   0.05569        15       640    0.4392    0.4221    0.3805    0.1906   0.06199   0.01441   0.01028
    61/499     4.82G   0.03725   0.01045  0.007234   0.05493        11       640    0.4559    0.4319    0.4144     0.207   0.06009   0.01435  0.009967
    62/499     4.82G   0.03729   0.01056    0.0072   0.05505        18       640    0.3918    0.4891    0.3975    0.1938    0.0598   0.01422   0.01025
    63/499     4.82G   0.03738   0.01051  0.007277   0.05516        15       640    0.5009     0.394    0.3894    0.1974   0.05997   0.01427   0.01055
    64/499     4.82G   0.03666   0.01058  0.007185   0.05443        13       640    0.4663    0.4228     0.395    0.1964   0.06019   0.01422   0.01022
    65/499     4.82G   0.03686   0.01062  0.007113   0.05459        18       640     0.406    0.4906    0.4061       0.2   0.05948   0.01426    0.0103
    66/499     4.82G   0.03703   0.01048  0.007174   0.05469        13       640    0.4396    0.4806    0.4132    0.2027   0.05959   0.01425    0.0106
    67/499     4.82G   0.03669   0.01052  0.007187    0.0544        26       640    0.4117    0.4914    0.4041    0.2069   0.06002   0.01413   0.01035
    68/499     4.82G   0.03645   0.01055  0.006992   0.05399        18       640    0.4966    0.4217    0.4122    0.2054   0.05865   0.01432   0.01067
    69/499     4.82G   0.03701   0.01066  0.007114   0.05478        16       640    0.4491    0.4233    0.4008    0.2018   0.05981   0.01405   0.01059
    70/499     4.82G   0.03648   0.01049  0.007063   0.05403        26       640    0.4395    0.4529    0.3952    0.1947   0.05986   0.01415   0.01032
    71/499     4.82G   0.03596   0.01037   0.00675   0.05308        11       640    0.4072    0.4944    0.4063    0.2036   0.05904   0.01419   0.01018
    72/499     4.82G   0.03617   0.01055  0.007059   0.05377        19       640      0.41    0.4905    0.4279    0.2107   0.05936   0.01409   0.01035
    73/499     4.82G   0.03661   0.01054  0.007005   0.05416        12       640    0.4029    0.5257    0.4181    0.2152   0.05955   0.01423   0.01028
    74/499     4.82G   0.03695   0.01071  0.006967   0.05463         9       640    0.4364    0.4745    0.4194     0.212   0.05929   0.01418   0.01049
    75/499     4.82G   0.03573    0.0103  0.006724   0.05276        18       640     0.514    0.4101    0.4149    0.2101   0.05854   0.01424   0.01047
    76/499     4.82G   0.03568    0.0103  0.006734   0.05271        18       640    0.4207    0.4973    0.4296    0.2153   0.05821   0.01442   0.01063
    77/499     4.82G    0.0359   0.01039   0.00705   0.05334        10       640    0.4562    0.4758    0.4204    0.2176   0.05816   0.01428   0.01053
    78/499     4.82G   0.03591   0.01038   0.00665   0.05294        11       640    0.4814    0.4453    0.4093    0.2054   0.05721    0.0145   0.01107
    79/499     4.82G   0.03587   0.01046  0.006972    0.0533        18       640    0.4896    0.4596    0.4394    0.2299    0.0576    0.0142   0.01065
    80/499     4.82G   0.03583   0.01034  0.006786   0.05296        10       640    0.4151    0.4872    0.4119    0.2096   0.05734   0.01436   0.01072
    81/499     4.82G    0.0357   0.01035  0.006943   0.05299        16       640    0.4719     0.514    0.4478     0.224   0.05716   0.01433   0.01061
    82/499     4.82G   0.03554   0.01023  0.006426    0.0522        15       640    0.4392    0.5113    0.4309    0.2171   0.05848   0.01422   0.01056
    83/499     4.82G   0.03573   0.01042  0.006574   0.05273        10       640     0.482    0.4578    0.4273    0.2109   0.05731   0.01441   0.01047
    84/499     4.82G   0.03546   0.01013  0.006359   0.05195        14       640    0.4216    0.5411    0.4321    0.2171   0.05668   0.01431   0.01054
    85/499     4.82G   0.03548   0.01026  0.006837   0.05258        15       640    0.4229     0.523    0.4456    0.2248   0.05715   0.01421    0.0105
    86/499     4.82G    0.0351   0.01001  0.006602   0.05172        15       640    0.4446     0.471    0.4225    0.2121   0.05755   0.01429   0.01066
    87/499     4.82G   0.03532   0.01015  0.006237   0.05171        16       640     0.385    0.5327    0.4239    0.2224   0.05704   0.01424   0.01061
    88/499     4.82G   0.03555   0.01027  0.006426   0.05225        19       640    0.4242    0.5214    0.4358    0.2236   0.05681   0.01421    0.0104
    89/499     4.82G   0.03501   0.01032  0.006359    0.0517        25       640    0.4178    0.5187    0.4355    0.2198   0.05748   0.01416   0.01079
    90/499     4.82G   0.03555   0.01015  0.006313   0.05202        12       640    0.4296    0.5181    0.4367    0.2219   0.05667   0.01424    0.0104
    91/499     4.82G   0.03539   0.01039   0.00649   0.05227        20       640    0.4003    0.5522    0.4206    0.2151   0.05744   0.01424   0.01087
    92/499     4.82G   0.03507   0.01032  0.006695   0.05208        14       640    0.4541    0.4971    0.4343    0.2273   0.05674   0.01438   0.01098
    93/499     4.82G   0.03527   0.01025  0.006502   0.05202        19       640    0.4518    0.4659    0.4197    0.2135   0.05732   0.01427   0.01124
    94/499     4.82G   0.03464   0.01019  0.006206   0.05104        21       640    0.4197    0.5261    0.4262     0.218   0.05678   0.01421   0.01103
    95/499     4.82G   0.03464    0.0101  0.006351    0.0511         9       640     0.438    0.4746    0.4079    0.2165   0.05597    0.0145   0.01116
    96/499     4.82G   0.03471   0.01015  0.006251   0.05111        22       640    0.4237    0.5259    0.4321    0.2239   0.05579   0.01446   0.01066
    97/499     4.82G   0.03506   0.01022  0.006242   0.05152        23       640    0.4144    0.5423    0.4319    0.2266   0.05605   0.01442   0.01096
    98/499     4.82G    0.0352   0.01025   0.00626   0.05172        35       640    0.4291    0.4919    0.4315    0.2269   0.05591   0.01444   0.01106
    99/499     4.82G   0.03515   0.01035  0.006342   0.05184        18       640    0.4531    0.4958    0.4441    0.2349   0.05615   0.01435   0.01104
   100/499     4.82G   0.03486   0.01032   0.00624   0.05143        19       640    0.4733     0.457    0.4319    0.2234   0.05679   0.01431   0.01081
   101/499     4.82G    0.0353   0.01023  0.006116   0.05164        22       640    0.4084    0.5227    0.4317    0.2252   0.05596   0.01456   0.01076
   102/499     4.82G   0.03466   0.01014  0.006092    0.0509        18       640    0.4686    0.4708    0.4387    0.2315   0.05573   0.01439   0.01131
   103/499     4.82G   0.03461   0.01016  0.006091   0.05086        27       640    0.4029    0.5549     0.445    0.2384   0.05549   0.01442   0.01127
   104/499     4.82G    0.0352   0.01015  0.006067   0.05142        18       640    0.4635    0.5054     0.456    0.2401   0.05547   0.01422   0.01136
   105/499     4.82G   0.03491   0.01005  0.006279   0.05124        21       640    0.4544     0.495    0.4533     0.234   0.05504    0.0145   0.01125
   106/499     4.82G   0.03487   0.01023  0.006157   0.05126        17       640    0.4432    0.5272    0.4504    0.2316   0.05549   0.01447   0.01142
   107/499     4.82G    0.0339   0.01023  0.005742   0.04987        21       640     0.441    0.5255    0.4484    0.2312   0.05516   0.01456   0.01116
   108/499     4.82G   0.03471   0.01019  0.005997    0.0509        26       640    0.4348    0.5183    0.4533     0.234   0.05506   0.01458   0.01092
   109/499     4.82G   0.03446   0.01022  0.006106   0.05078        13       640    0.4339    0.5246     0.446    0.2375   0.05566   0.01449   0.01102
   110/499     4.82G   0.03443   0.01014  0.005841   0.05041        19       640    0.4786    0.4669    0.4368    0.2326   0.05502   0.01454   0.01143
   111/499     4.82G   0.03479   0.01021  0.006107   0.05111        15       640    0.4276    0.5006    0.4322    0.2253    0.0556   0.01438     0.011
   112/499     4.82G   0.03401    0.0101  0.005977   0.05009        26       640    0.4517    0.4857    0.4387    0.2274    0.0559   0.01436   0.01092
   113/499     4.82G   0.03422   0.01002  0.006072   0.05031         8       640    0.4333    0.5323    0.4434    0.2321    0.0549   0.01457   0.01097
   114/499     4.82G   0.03423  0.009948  0.005932   0.05011        18       640    0.4548    0.5307    0.4427    0.2296   0.05517   0.01459   0.01122
   115/499     4.82G   0.03375  0.009962  0.005865   0.04958        17       640     0.496    0.5276     0.469    0.2456   0.05563   0.01444   0.01133
   116/499     4.82G    0.0341  0.009979  0.005902   0.04998        22       640    0.4962    0.4922    0.4565    0.2394   0.05514   0.01454   0.01132
   117/499     4.82G   0.03423   0.01012   0.00556   0.04991        20       640    0.5267    0.4632     0.461     0.236   0.05522   0.01449   0.01121
   118/499     4.82G   0.03338   0.01008  0.005661   0.04912        24       640    0.5118      0.47    0.4675    0.2424   0.05455   0.01459   0.01127
   119/499     4.82G   0.03377      0.01  0.005734   0.04951        14       640    0.4577    0.5231    0.4609      0.24   0.05505   0.01447   0.01145
   120/499     4.82G   0.03346   0.01013  0.005764   0.04936        23       640    0.4747    0.5078    0.4569    0.2395    0.0551    0.0144    0.0114
   121/499     4.82G   0.03356  0.009979  0.005868   0.04941         8       640    0.4941    0.4749    0.4485     0.233   0.05539   0.01438   0.01161
   122/499     4.82G   0.03353  0.009816  0.005603   0.04895        19       640    0.4776    0.5081    0.4506    0.2324    0.0549   0.01455   0.01164
   123/499     4.82G   0.03421   0.01015  0.005703   0.05006        33       640    0.4552    0.5106    0.4492    0.2329   0.05476   0.01455   0.01149
   124/499     4.82G   0.03374   0.01017  0.005592    0.0495        14       640    0.4727    0.5012    0.4493    0.2291   0.05537    0.0144   0.01155
   125/499     4.82G   0.03329   0.01003  0.005276    0.0486        11       640    0.4693    0.4941    0.4418    0.2288   0.05501   0.01457   0.01145
   126/499     4.82G   0.03395    0.0101  0.005669   0.04972        12       640    0.4841    0.4944    0.4617    0.2367   0.05469   0.01452   0.01121
   127/499     4.82G   0.03368  0.009991  0.005574   0.04924        10       640    0.5213    0.4642    0.4542    0.2367   0.05435   0.01465   0.01139
   128/499     4.82G   0.03403   0.01005  0.005751   0.04983        13       640    0.4868    0.5022    0.4605    0.2394   0.05382   0.01467   0.01154
   129/499     4.82G   0.03391    0.0101  0.005497    0.0495        13       640    0.4594    0.5312    0.4634    0.2479   0.05408   0.01458   0.01156
   130/499     4.82G   0.03381  0.009926  0.005495   0.04923        19       640    0.5406     0.453    0.4606    0.2453   0.05438   0.01453    0.0115
   131/499     4.82G   0.03341  0.009978  0.005675   0.04907        13       640    0.4422    0.5347    0.4619    0.2454   0.05443   0.01457   0.01154
   132/499     4.82G   0.03341  0.009964  0.005716   0.04909        19       640    0.4652     0.503    0.4459    0.2353   0.05468   0.01452   0.01143
   133/499     4.82G    0.0331  0.009939  0.005306   0.04834        14       640    0.4695    0.5159    0.4461    0.2307   0.05514   0.01451   0.01133
   134/499     4.82G   0.03343  0.009908  0.005325   0.04867        11       640    0.4772    0.5082    0.4463     0.231    0.0552   0.01439    0.0114
   135/499     4.82G    0.0329  0.009889  0.005505    0.0483        17       640    0.4991    0.4623    0.4527    0.2373   0.05489   0.01445   0.01145
   136/499     4.82G   0.03299  0.009739  0.005054   0.04778        16       640    0.5032    0.4732    0.4556    0.2334   0.05492   0.01452   0.01129
   137/499     4.82G   0.03356  0.009816  0.005344   0.04872        17       640    0.4794    0.5225    0.4718    0.2452   0.05469   0.01452   0.01129
   138/499     4.82G   0.03325  0.009683  0.005367    0.0483        16       640    0.5075    0.5077    0.4681    0.2423   0.05445   0.01451   0.01135
   139/499     4.82G    0.0332  0.009731  0.005228   0.04816        19       640    0.5034    0.5018     0.473    0.2474   0.05424   0.01457   0.01113
   140/499     4.82G   0.03397  0.009954  0.005409   0.04933        11       640    0.4767    0.5315    0.4773    0.2509   0.05387    0.0146   0.01114
   141/499     4.82G   0.03363   0.01001  0.005249   0.04889        26       640    0.4781    0.5238    0.4815     0.255   0.05389   0.01459   0.01095
   142/499     4.82G   0.03327    0.0098  0.005188   0.04826        12       640    0.5018    0.5068    0.4686    0.2446    0.0537   0.01477   0.01097
   143/499     4.82G    0.0329  0.009763  0.005544   0.04821        12       640    0.4793    0.5241    0.4723    0.2462   0.05366   0.01474   0.01102
   144/499     4.82G    0.0331  0.009777  0.005171   0.04805         9       640     0.467    0.5461    0.4634     0.246    0.0538   0.01476   0.01087
   145/499     4.82G   0.03281  0.009847  0.005406   0.04806        20       640    0.5213    0.5003    0.4638    0.2457   0.05369   0.01475   0.01085
   146/499     4.82G   0.03294  0.009817  0.005194   0.04795        11       640    0.5424    0.4717    0.4629    0.2451   0.05347   0.01477   0.01089
   147/499     4.82G   0.03339   0.00982  0.005024   0.04823        30       640     0.495    0.4987    0.4588    0.2447   0.05351   0.01474     0.011
   148/499     4.82G   0.03307  0.009713  0.004946   0.04773        20       640    0.5061    0.4994    0.4605    0.2399   0.05333   0.01481   0.01092
   149/499     4.82G   0.03196  0.009833  0.005165   0.04696         7       640    0.5082    0.4911    0.4647    0.2424    0.0532   0.01487   0.01101
   150/499     4.82G   0.03292  0.009753    0.0052   0.04788        17       640    0.4663    0.5258    0.4677    0.2423   0.05326    0.0149   0.01139
   151/499     4.82G   0.03283  0.009732  0.005079   0.04764        11       640    0.4778    0.5033    0.4605    0.2406   0.05341   0.01488   0.01163
   152/499     4.82G   0.03272  0.009713  0.004992   0.04743        14       640    0.5131    0.4943    0.4611    0.2384   0.05348    0.0149   0.01183
   153/499     4.82G   0.03331  0.009968  0.005104   0.04839        26       640    0.4679    0.5242    0.4549    0.2396   0.05353   0.01486   0.01194
   154/499     4.82G   0.03249  0.009682  0.004909   0.04708        24       640    0.4435    0.5533    0.4499    0.2393   0.05358   0.01483   0.01177
   155/499     4.82G    0.0326  0.009698  0.004846   0.04714        25       640    0.4636    0.5314     0.448    0.2398   0.05342   0.01491   0.01165
   156/499     4.82G    0.0323  0.009762  0.004997   0.04706        21       640    0.4617    0.5179    0.4499    0.2403   0.05337   0.01489    0.0117
   157/499     4.82G   0.03239  0.009581  0.004704   0.04667        22       640    0.4566    0.5264    0.4539    0.2377    0.0533   0.01497   0.01158
   158/499     4.82G   0.03258  0.009637  0.005058   0.04727        21       640     0.415    0.5616    0.4537    0.2381   0.05302   0.01499   0.01152
   159/499     4.82G   0.03209  0.009676  0.004756   0.04652         8       640    0.4579    0.5469     0.465    0.2433   0.05301    0.0149   0.01155
   160/499     4.82G   0.03236  0.009555  0.004837   0.04676         6       640    0.4864    0.5146    0.4675    0.2445     0.053   0.01499   0.01153
   161/499     4.82G   0.03254  0.009561   0.00483   0.04693        29       640    0.4492    0.5386    0.4651    0.2443   0.05277   0.01503   0.01161
   162/499     4.82G   0.03234  0.009729  0.004827    0.0469         8       640    0.5092    0.4838    0.4651    0.2439   0.05271   0.01501   0.01153
   163/499     4.82G   0.03188  0.009503  0.004874   0.04625        14       640    0.4936    0.4965    0.4648    0.2417   0.05295     0.015   0.01149
   164/499     4.82G   0.03256  0.009704  0.004832   0.04709        25       640    0.4958    0.5007    0.4642    0.2411   0.05303   0.01497   0.01152
   165/499     4.82G   0.03186   0.00941  0.004994   0.04627        29       640    0.5065    0.4875    0.4648    0.2414   0.05283   0.01501   0.01163
   166/499     4.82G   0.03256  0.009631  0.004762   0.04695        15       640    0.4842    0.5097    0.4678    0.2445   0.05278   0.01502   0.01178
   167/499     4.82G   0.03245  0.009494  0.004845   0.04679        24       640    0.4996    0.4906    0.4617    0.2434   0.05259    0.0151   0.01182
   168/499     4.82G   0.03225  0.009469  0.004948   0.04667        11       640    0.5167    0.4715    0.4562    0.2402   0.05269   0.01507   0.01183
   169/499     4.82G   0.03201  0.009567  0.004654   0.04623        15       640    0.4891    0.4888    0.4577    0.2405   0.05262   0.01506   0.01166
   170/499     4.82G   0.03226  0.009451  0.004606   0.04631         8       640    0.4951    0.4931    0.4598    0.2446   0.05257   0.01507   0.01164
   171/499     4.82G   0.03197  0.009699   0.00455   0.04622        20       640    0.5289    0.4836     0.462    0.2469   0.05227    0.0151   0.01175
   172/499     4.82G   0.03186  0.009579  0.004697   0.04613        15       640    0.5119    0.4934     0.464    0.2484   0.05226   0.01509    0.0118
   173/499     4.82G   0.03194  0.009603  0.004463     0.046        19       640     0.443    0.5436     0.457    0.2457    0.0523   0.01505   0.01177
   174/499     4.82G   0.03179  0.009629  0.004659   0.04608        14       640    0.4915    0.4977    0.4588    0.2453   0.05231   0.01504   0.01182
   175/499     4.82G   0.03183  0.009375  0.004661   0.04587        17       640     0.498    0.4992    0.4649    0.2463   0.05224   0.01505   0.01175
   176/499     4.82G   0.03176  0.009368  0.004442   0.04557        15       640    0.4925    0.5113    0.4664    0.2445   0.05227   0.01506   0.01169
   177/499     4.82G   0.03195  0.009622  0.004731   0.04631        15       640    0.4934     0.514     0.464    0.2435   0.05232   0.01509   0.01175
   178/499     4.82G   0.03117  0.009511  0.004606   0.04528        20       640     0.483    0.5042    0.4619    0.2459   0.05228   0.01508   0.01174
   179/499     4.82G   0.03154  0.009467  0.004687   0.04569        27       640    0.4931    0.4888    0.4605    0.2462   0.05224   0.01507   0.01184
   180/499     4.82G   0.03144  0.009575  0.004486    0.0455         5       640    0.4781    0.5094    0.4575    0.2452   0.05228   0.01507   0.01183
   181/499     4.82G   0.03162  0.009249  0.004253   0.04513        21       640    0.4737    0.5069    0.4541     0.244   0.05217   0.01514   0.01198
   182/499     4.82G    0.0313  0.009419  0.004504   0.04523        21       640    0.4474    0.5268    0.4554    0.2455   0.05219   0.01517   0.01196
   183/499     4.82G   0.03095  0.009562  0.004283    0.0448        11       640    0.5135    0.4563    0.4524     0.243   0.05228   0.01518   0.01194
   184/499     4.82G   0.03094  0.009501  0.004595   0.04503        13       640    0.4832    0.4943    0.4578    0.2442   0.05224   0.01523   0.01206
   185/499     4.82G   0.03162  0.009466  0.004486   0.04557        16       640    0.4686    0.5042    0.4596     0.246   0.05216   0.01528   0.01215
   186/499     4.82G   0.03133  0.009465  0.004263   0.04506        19       640    0.4286    0.5528    0.4582    0.2455    0.0522    0.0153   0.01222
   187/499     4.82G     0.031  0.009411  0.004357   0.04477        13       640    0.4542    0.5202    0.4543    0.2433   0.05215   0.01531   0.01229
   188/499     4.82G   0.03172  0.009517  0.004523   0.04576        25       640    0.4523    0.5261    0.4551    0.2428   0.05209   0.01531   0.01228
   189/499     4.82G   0.03138  0.009511  0.004287   0.04517        22       640    0.4489    0.5329    0.4536    0.2437   0.05208    0.0153   0.01229
   190/499     4.82G   0.03135  0.009313  0.004386   0.04505        13       640    0.4272    0.5533    0.4529    0.2436   0.05197   0.01534   0.01233
   191/499     4.82G   0.03133  0.009373  0.004367   0.04507        24       640    0.4406    0.5284    0.4516    0.2426   0.05203   0.01533   0.01237
   192/499     4.82G    0.0313  0.009331  0.004157   0.04479        19       640    0.4669    0.4916    0.4501    0.2391   0.05199   0.01538   0.01237
   193/499     4.82G   0.03121  0.009458  0.004247   0.04491        14       640    0.4628    0.4964    0.4528    0.2413   0.05196   0.01542    0.0124
   194/499     4.82G   0.03112  0.009286  0.004182   0.04459        16       640    0.4666    0.4979    0.4539    0.2417   0.05186   0.01544   0.01237
   195/499     4.82G   0.03103  0.009337  0.004029    0.0444        12       640    0.4532    0.5211    0.4539    0.2408   0.05187   0.01543   0.01234
   196/499     4.82G   0.03111  0.009082  0.004049   0.04424        20       640    0.4416    0.5293    0.4544     0.243   0.05189   0.01545   0.01235
   197/499     4.82G   0.03107  0.009326   0.00421   0.04461        19       640    0.4564     0.521    0.4553    0.2425   0.05187   0.01549   0.01226
   198/499     4.82G   0.03063  0.009145  0.004211   0.04399        18       640    0.4519    0.5094    0.4554    0.2422   0.05186    0.0155   0.01224
   199/499     4.82G   0.03069   0.00933  0.003985     0.044        11       640    0.4381    0.5386    0.4583    0.2436   0.05191    0.0155    0.0122
   200/499     4.82G   0.03102   0.00926  0.004118    0.0444        25       640    0.4615    0.5236    0.4582    0.2434   0.05199    0.0155   0.01215
   201/499     4.82G   0.03096  0.009314  0.004037   0.04431        20       640    0.4667    0.5096    0.4584    0.2428   0.05204   0.01551   0.01213
   202/499     4.82G   0.03086  0.009218  0.004245   0.04432        17       640    0.5011    0.4705    0.4601     0.243   0.05203   0.01554   0.01217
   203/499     4.82G   0.03146  0.009278  0.004282   0.04502        21       640    0.5159    0.4579    0.4607    0.2445   0.05204   0.01556   0.01218
   204/499     4.82G   0.03062  0.009256  0.004004   0.04388        12       640    0.5285    0.4507    0.4592    0.2431   0.05205    0.0156   0.01221
   205/499     4.82G   0.03033  0.009114  0.003821   0.04327        10       640    0.4921    0.4756    0.4571    0.2429   0.05205   0.01562   0.01225
   206/499     4.82G   0.03028  0.009261  0.004253   0.04379        13       640    0.4984     0.469    0.4568     0.243   0.05205   0.01564   0.01226
   207/499     4.82G   0.03062  0.009062   0.00425   0.04393        18       640    0.4438    0.5092    0.4547    0.2411     0.052   0.01564   0.01229
   208/499     4.82G   0.03066  0.009314  0.003971   0.04394        21       640     0.495    0.4584     0.454     0.243   0.05198   0.01565    0.0123
   209/499     4.82G   0.03088  0.009032  0.003986   0.04389        25       640     0.454    0.5034    0.4523    0.2412   0.05196   0.01566   0.01231
   210/499     4.82G   0.03046  0.009186   0.00412   0.04377        13       640    0.4577    0.4966    0.4508      0.24   0.05188   0.01566   0.01233
   211/499     4.82G    0.0304  0.009116  0.003942   0.04346         8       640    0.4531    0.4979    0.4522    0.2401   0.05185   0.01567   0.01236
   212/499     4.82G   0.03044   0.00914  0.003815   0.04339        25       640    0.4559    0.4959    0.4533    0.2404   0.05181   0.01569   0.01238
   213/499     4.82G   0.02992  0.009001  0.003729   0.04265        16       640    0.4565    0.4992    0.4532    0.2405   0.05177   0.01571   0.01237
   214/499     4.82G   0.03045  0.009075  0.004146   0.04367        17       640    0.4526    0.4949    0.4516    0.2399   0.05177   0.01573   0.01239
   215/499     4.82G   0.03065  0.009244  0.004105     0.044        17       640    0.4396     0.513    0.4514    0.2392   0.05179   0.01572   0.01237
   216/499     4.82G   0.03026  0.009041  0.004059   0.04336        15       640    0.4452    0.5087    0.4521    0.2395   0.05177   0.01574   0.01237
   217/499     4.82G   0.03035  0.009158  0.003781   0.04328         5       640    0.4285     0.523    0.4503    0.2392   0.05175   0.01574    0.0124
   218/499     4.82G   0.03014  0.009109   0.00396   0.04321        13       640    0.4198    0.5342    0.4501    0.2392   0.05171   0.01573   0.01238
   219/499     4.82G   0.03022  0.009021  0.003889   0.04313        20       640    0.4239    0.5365    0.4517    0.2398   0.05165   0.01574    0.0124
   220/499     4.82G   0.02972  0.009016  0.003846   0.04258        12       640      0.43    0.5333    0.4516    0.2402   0.05161   0.01575   0.01242
   221/499     4.82G    0.0299  0.008934  0.003751   0.04259        10       640    0.4393    0.5248    0.4502    0.2397   0.05156   0.01575   0.01244
   222/499     4.82G   0.03046  0.009141  0.003784   0.04338        12       640    0.4394    0.5238    0.4501    0.2391   0.05158   0.01575   0.01244
   223/499     4.82G    0.0301  0.009069   0.00376   0.04292        20       640    0.4392    0.5259    0.4501    0.2396    0.0516   0.01575    0.0124
   224/499     4.82G    0.0297  0.008977    0.0038   0.04248        24       640    0.4644    0.4992    0.4509    0.2402   0.05159   0.01577    0.0124
   225/499     4.82G   0.02994  0.008952  0.003708    0.0426        17       640    0.4565    0.5085     0.451    0.2405   0.05156   0.01578   0.01241
   226/499     4.82G   0.02974  0.008967  0.003842   0.04255        14       640    0.4647     0.497    0.4505    0.2388   0.05154   0.01579   0.01243
   227/499     4.82G   0.02999  0.008991  0.003531   0.04251        15       640    0.4696    0.4949    0.4499    0.2391   0.05152    0.0158   0.01243
   228/499     4.82G   0.02977  0.008942   0.00365   0.04236        24       640    0.4675    0.4963    0.4504    0.2399   0.05148   0.01581   0.01246
   229/499     4.82G   0.02983   0.00882  0.003732   0.04239        14       640    0.4843    0.4827    0.4512    0.2393   0.05144   0.01581   0.01247
   230/499     4.82G   0.03006   0.00883  0.003733   0.04263        23       640    0.4795    0.4846    0.4501    0.2377   0.05144   0.01581   0.01247
   231/499     4.82G   0.02966  0.009004  0.003772   0.04244        26       640    0.4752    0.4842    0.4496    0.2381   0.05142   0.01581   0.01249
   232/499     4.82G   0.02988   0.00895   0.00385   0.04268        13       640    0.4453    0.5215    0.4501    0.2388    0.0514   0.01582   0.01249
   233/499     4.82G   0.02942  0.008934  0.003672   0.04202        19       640    0.4571    0.5035    0.4487    0.2394   0.05139   0.01583   0.01252
   234/499     4.82G   0.02997  0.008947  0.003781    0.0427        17       640    0.4553    0.5055    0.4494    0.2389   0.05137   0.01585   0.01254
   235/499     4.82G   0.02949  0.008851  0.003634   0.04198        14       640    0.4522    0.5083    0.4485    0.2392   0.05135   0.01586   0.01257
   236/499     4.82G   0.02952  0.009047  0.003553   0.04212         9       640    0.4569    0.5047    0.4486    0.2397   0.05134   0.01587   0.01262
   237/499     4.82G   0.02941  0.008798  0.003486    0.0417        28       640     0.446    0.5096    0.4481    0.2389   0.05136   0.01589   0.01266
   238/499     4.82G   0.02936  0.009017  0.003571   0.04195        15       640    0.4529    0.5019    0.4481    0.2387   0.05135    0.0159   0.01268
   239/499     4.82G   0.02936   0.00883  0.003485   0.04168        14       640    0.4513    0.5045    0.4484    0.2382   0.05135   0.01592   0.01269
   240/499     4.82G   0.02927  0.008919  0.003575   0.04176        25       640    0.4618    0.4924    0.4486    0.2385   0.05135   0.01593    0.0127
   241/499     4.82G   0.02948  0.008883  0.003557   0.04192        18       640    0.4584    0.4969    0.4481    0.2385   0.05136   0.01594   0.01272
   242/499     4.82G   0.02905  0.008844  0.003333   0.04122        20       640    0.4593    0.4981    0.4482    0.2365   0.05137   0.01594   0.01272
   243/499     4.82G   0.02931  0.008713  0.003551   0.04157        16       640    0.4608    0.4921    0.4467    0.2368   0.05136   0.01596   0.01274
   244/499     4.82G   0.02923  0.008729  0.003377   0.04133        17       640    0.4556    0.5019    0.4464    0.2368   0.05138   0.01596   0.01277
   245/499     4.82G   0.02901   0.00877  0.003498   0.04128        20       640    0.4477    0.5126     0.446    0.2357   0.05138   0.01597   0.01277
   246/499     4.82G   0.02949  0.008742  0.003592   0.04182        21       640    0.4482    0.5119    0.4471    0.2356   0.05138   0.01597   0.01277
   247/499     4.82G   0.02912  0.008718    0.0034   0.04124        11       640    0.4663    0.4869     0.447    0.2365   0.05136   0.01598    0.0128
   248/499     4.82G   0.02879  0.008727  0.003359   0.04087        23       640    0.4156     0.548    0.4487    0.2364   0.05135   0.01599   0.01281
   249/499     4.82G   0.02931  0.008759   0.00334   0.04141        20       640    0.4519    0.4992    0.4487    0.2357   0.05133     0.016   0.01284
   250/499     4.82G   0.02917  0.008731  0.003414   0.04132        11       640    0.4553    0.4958    0.4485    0.2357   0.05133   0.01601   0.01286
   251/499     4.82G   0.02842  0.008483  0.003505   0.04041         9       640     0.451    0.5031    0.4475    0.2356   0.05131   0.01602   0.01287
   252/499     4.82G   0.02855  0.008721  0.003325    0.0406        13       640    0.4538    0.5006     0.448    0.2355   0.05132   0.01603    0.0129
   253/499     4.82G   0.02882  0.008695  0.003323   0.04084        10       640    0.4345    0.5277    0.4473    0.2355   0.05134   0.01603   0.01291
   254/499     4.82G   0.02852  0.008585  0.003129   0.04023        18       640      0.44    0.5237    0.4467    0.2349   0.05135   0.01603   0.01292
   255/499     4.82G   0.02862  0.008688  0.003354   0.04066         7       640    0.4403    0.5184    0.4455    0.2348   0.05134   0.01603   0.01293
   256/499     4.82G   0.02858  0.008695  0.003201   0.04047        24       640    0.4754    0.4826    0.4467    0.2353   0.05134   0.01603   0.01295
   257/499     4.82G   0.02853  0.008584  0.003124   0.04023        13       640    0.4765    0.4872    0.4457    0.2352   0.05133   0.01603   0.01295
   258/499     4.82G   0.02881  0.008549   0.00335   0.04071         6       640    0.4759    0.4872    0.4456    0.2353   0.05132   0.01604   0.01296
   259/499     4.82G   0.02883    0.0086  0.003517   0.04094        21       640     0.471    0.4878    0.4458    0.2355   0.05131   0.01605   0.01296
   260/499     4.82G   0.02846  0.008599    0.0033   0.04036        13       640    0.4636    0.4898    0.4454    0.2353   0.05131   0.01606   0.01296
   261/499     4.82G   0.02827  0.008622  0.003156   0.04005        23       640    0.4687    0.4889    0.4467    0.2343   0.05132   0.01607   0.01296
   262/499     4.82G   0.02888  0.008626  0.003164   0.04067        10       640    0.4656    0.4915    0.4462    0.2342   0.05131   0.01609   0.01297
   263/499     4.82G   0.02836  0.008556  0.003059   0.03998        12       640    0.4563    0.5005    0.4452    0.2338   0.05129    0.0161   0.01297
   264/499     4.82G   0.02839  0.008579  0.002941   0.03991        14       640    0.4565    0.5006    0.4451    0.2334   0.05128   0.01611   0.01297
   265/499     4.82G   0.02808  0.008526  0.003173   0.03978        17       640    0.4642    0.4901    0.4448    0.2335   0.05126   0.01612   0.01297
   266/499     4.82G   0.02832  0.008507  0.003092   0.03992        18       640    0.4674    0.4864    0.4444    0.2335   0.05124   0.01613   0.01298
   267/499     4.82G    0.0282  0.008526  0.003011   0.03974         6       640    0.4305    0.5303    0.4453    0.2337   0.05123   0.01614   0.01299
   268/499     4.82G   0.02859  0.008569  0.003303   0.04047        33       640    0.4743    0.4834    0.4462    0.2338   0.05122   0.01615     0.013
   269/499     4.82G   0.02815  0.008411  0.003278   0.03984        16       640    0.4753    0.4838    0.4464    0.2346   0.05122   0.01616   0.01301
   270/499     4.82G   0.02839   0.00851  0.003269   0.04017         9       640    0.4772     0.486    0.4464    0.2341    0.0512   0.01617   0.01301
   271/499     4.82G   0.02786  0.008456  0.003032   0.03934        18       640    0.4759    0.4834    0.4465    0.2347   0.05119   0.01617   0.01301
   272/499     4.82G    0.0277  0.008371  0.003017   0.03909        20       640    0.4643    0.4989    0.4464    0.2348   0.05118   0.01618   0.01301
   273/499     4.82G   0.02777  0.008436  0.003109   0.03931        23       640    0.4783    0.4821    0.4463    0.2339   0.05117   0.01618   0.01302
   274/499     4.82G   0.02781  0.008184  0.003093   0.03909        29       640    0.4633    0.5012    0.4467     0.234   0.05114   0.01619   0.01302
   275/499     4.82G   0.02806  0.008413   0.00308   0.03955        15       640    0.4713    0.4968    0.4466    0.2338   0.05112    0.0162   0.01303
   276/499     4.82G   0.02792  0.008439  0.002922   0.03928        14       640    0.4613    0.5073    0.4467    0.2342   0.05111   0.01621   0.01304
   277/499     4.82G   0.02784  0.008504  0.003077   0.03942         8       640    0.4697    0.5039    0.4471    0.2344   0.05109   0.01622   0.01305
   278/499     4.82G   0.02768  0.008283     0.003   0.03896         8       640    0.4707    0.5006    0.4469    0.2337   0.05106   0.01622   0.01306
   279/499     4.82G   0.02793  0.008384  0.003033   0.03934        19       640    0.4708    0.5044    0.4474     0.234   0.05104   0.01623   0.01306
   280/499     4.82G   0.02785  0.008369   0.00317   0.03939        21       640    0.4727    0.5035     0.448    0.2345   0.05102   0.01624   0.01307
   281/499     4.82G   0.02776  0.008353  0.003202   0.03932        10       640    0.4716    0.5039    0.4479    0.2349   0.05101   0.01625   0.01308
   282/499     4.82G   0.02785  0.008403   0.00316   0.03941        21       640    0.4711    0.5031    0.4476    0.2354   0.05101   0.01626   0.01308
   283/499     4.82G   0.02761  0.008282  0.002885   0.03878        14       640    0.4709    0.5037    0.4477    0.2347     0.051   0.01627   0.01309
   284/499     4.82G   0.02736  0.008307  0.003106   0.03877        15       640    0.4722    0.5056    0.4472    0.2346   0.05099   0.01628    0.0131
   285/499     4.82G   0.02776  0.008376  0.002796   0.03893        17       640    0.4692    0.5059    0.4475    0.2346   0.05097   0.01628   0.01311
   286/499     4.82G   0.02705  0.008171  0.002826   0.03804        23       640    0.4671    0.5067    0.4476    0.2362   0.05096    0.0163   0.01311
   287/499     4.82G   0.02737  0.008204  0.002896   0.03847        22       640    0.4697    0.5036    0.4472    0.2352   0.05096   0.01631   0.01312
   288/499     4.82G   0.02784  0.008178  0.002918   0.03894        25       640     0.469    0.5028    0.4465     0.235   0.05096   0.01631   0.01312
   289/499     4.82G   0.02782  0.008376  0.003082   0.03927        24       640    0.4694    0.5035    0.4469    0.2355   0.05096   0.01632   0.01312
   290/499     4.82G   0.02769  0.008419  0.002937   0.03905         8       640    0.4684    0.5041    0.4471    0.2351   0.05095   0.01633   0.01313
   291/499     4.82G   0.02742  0.008215  0.002945   0.03858        10       640     0.468    0.5049    0.4476    0.2345   0.05095   0.01634   0.01314
   292/499     4.82G   0.02705  0.008117  0.002726    0.0379        19       640    0.4789    0.4929    0.4479    0.2345   0.05094   0.01634   0.01314
   293/499     4.82G   0.02745  0.008031  0.002856   0.03834        10       640    0.4803    0.4942    0.4475    0.2347   0.05093   0.01635   0.01314
   294/499     4.82G   0.02753  0.008233  0.002794   0.03856        13       640    0.4836    0.4936    0.4484    0.2356   0.05093   0.01637   0.01314
   295/499     4.82G   0.02731   0.00824  0.003055   0.03861        14       640    0.4844    0.4927    0.4468    0.2355   0.05092   0.01638   0.01314
   296/499     4.82G   0.02722   0.00831  0.002908   0.03844        11       640    0.4805     0.493    0.4467    0.2354   0.05092   0.01638   0.01315
   297/499     4.82G   0.02733  0.008295  0.002897   0.03852         9       640    0.4796    0.4953    0.4463    0.2346   0.05091   0.01639   0.01314
   298/499     4.82G   0.02713  0.008001  0.002815   0.03795        17       640    0.4791    0.4919    0.4466    0.2345   0.05089   0.01639   0.01315
   299/499     4.82G   0.02706  0.008085  0.002758    0.0379        24       640    0.4758    0.4943    0.4467    0.2347   0.05088    0.0164   0.01316
   300/499     4.82G   0.02734  0.008091  0.002947   0.03838        14       640    0.4733    0.4945     0.446    0.2341   0.05088   0.01641   0.01317
   301/499     4.82G   0.02701  0.008181  0.002837   0.03803        11       640    0.4871    0.4811    0.4463    0.2343   0.05087   0.01642   0.01317
   302/499     4.82G   0.02668  0.008113  0.002825   0.03762         9       640    0.4873    0.4811    0.4458    0.2337   0.05087   0.01643   0.01318
   303/499     4.82G    0.0272  0.008189  0.002689   0.03808        21       640    0.4878    0.4811    0.4462    0.2333   0.05086   0.01644   0.01319
   304/499     4.82G   0.02694  0.007964  0.002763   0.03767        15       640    0.4876    0.4811    0.4463    0.2336   0.05086   0.01644   0.01318
   305/499     4.82G   0.02713  0.008118  0.002759   0.03801        17       640    0.4871    0.4801     0.446    0.2331   0.05085   0.01645   0.01318
   306/499     4.82G   0.02641  0.008091   0.00254   0.03704        11       640    0.4726    0.4946     0.446    0.2327   0.05085   0.01646   0.01318
   307/499     4.82G    0.0264  0.008108  0.002704   0.03721        12       640    0.4723    0.4978    0.4457    0.2328   0.05084   0.01646   0.01318
   308/499     4.82G   0.02634  0.008088  0.002684   0.03711        14       640    0.4762    0.4933    0.4474    0.2325   0.05084   0.01647   0.01319
   309/499     4.82G    0.0264  0.008051  0.002712   0.03717        22       640    0.4654    0.5046    0.4479     0.233   0.05083   0.01648   0.01319
   310/499     4.82G   0.02704  0.008149  0.002948   0.03813        17       640    0.4639    0.5058    0.4477    0.2331   0.05083   0.01648    0.0132
   311/499     4.82G   0.02686  0.008046  0.002762   0.03767        13       640     0.464    0.5078    0.4481    0.2334   0.05083   0.01649    0.0132
   312/499     4.82G   0.02642  0.008115  0.002512   0.03705        15       640    0.4664    0.5046     0.448    0.2341   0.05083    0.0165   0.01321
   313/499     4.82G   0.02627  0.008076  0.002555    0.0369        15       640     0.467    0.5049    0.4483    0.2346   0.05083    0.0165   0.01321
   314/499     4.82G   0.02629  0.008075  0.002639   0.03701         8       640    0.4562    0.5191    0.4483    0.2351   0.05082   0.01651   0.01321
   315/499     4.82G   0.02642  0.008063  0.002643   0.03713        23       640    0.4568    0.5181    0.4482    0.2347   0.05083   0.01651   0.01322
   316/499     4.82G   0.02617   0.00796  0.002708   0.03683        13       640    0.4586    0.5167    0.4484    0.2351   0.05083   0.01652   0.01322
   317/499     4.82G   0.02608  0.007919  0.002648   0.03664        26       640    0.4592    0.5176    0.4487    0.2352   0.05083   0.01653   0.01322
   318/499     4.82G   0.02621  0.007951  0.002672   0.03683        14       640    0.4594    0.5187     0.449    0.2359   0.05083   0.01653   0.01322
   319/499     4.82G   0.02586  0.007855  0.002714   0.03643        18       640    0.4617    0.5218    0.4491    0.2359   0.05083   0.01654   0.01322
   320/499     4.82G   0.02658  0.008096  0.002677   0.03735        17       640    0.4647    0.5218    0.4491    0.2359   0.05083   0.01655   0.01323
   321/499     4.82G   0.02637  0.007989  0.002679   0.03704        21       640    0.4655    0.5206    0.4489    0.2361   0.05082   0.01655   0.01323
   322/499     4.82G   0.02596  0.007782  0.002888   0.03663        12       640    0.4649    0.5206    0.4493    0.2359   0.05082   0.01656   0.01323
   323/499     4.82G    0.0258  0.007774  0.002605   0.03618        17       640    0.4657    0.5186    0.4498    0.2354   0.05082   0.01657   0.01323
   324/499     4.82G   0.02629  0.007753  0.002365   0.03641        17       640    0.4667    0.5173    0.4495    0.2354   0.05081   0.01657   0.01323
   325/499     4.82G   0.02609  0.007919  0.002632   0.03664        11       640    0.4671    0.5178    0.4502    0.2361    0.0508   0.01658   0.01323
   326/499     4.82G   0.02608  0.007881  0.002506   0.03647        13       640    0.4682    0.5181      0.45    0.2358    0.0508   0.01659   0.01323
   327/499     4.82G   0.02592  0.007799  0.002648   0.03636         4       640    0.4674    0.5174    0.4472     0.235    0.0508    0.0166   0.01323
   328/499     4.82G   0.02596  0.007939  0.002548   0.03645        16       640    0.4681    0.5179    0.4471    0.2352   0.05079    0.0166   0.01323
   329/499     4.82G   0.02574  0.007773  0.002434   0.03594        22       640    0.4678    0.5177    0.4471    0.2356   0.05079   0.01661   0.01323
   330/499     4.82G   0.02608  0.007987  0.002591   0.03666        20       640     0.467      0.52    0.4472    0.2359   0.05079   0.01661   0.01323
   331/499     4.82G   0.02626  0.007814  0.002507   0.03658         8       640    0.4669      0.52    0.4474    0.2351   0.05078   0.01662   0.01323
   332/499     4.82G   0.02533   0.00781  0.002559    0.0357        16       640    0.4668    0.5198     0.446    0.2353   0.05078   0.01663   0.01323
   333/499     4.82G   0.02558  0.007924  0.002473   0.03598        23       640    0.4663    0.5199     0.446    0.2348   0.05078   0.01664   0.01324
   334/499     4.82G   0.02592  0.007702  0.002565   0.03619        15       640    0.4716    0.5116     0.446    0.2346   0.05077   0.01665   0.01324
   335/499     4.82G   0.02561  0.007849  0.002526   0.03598        13       640     0.472    0.5126    0.4457    0.2349   0.05077   0.01665   0.01325
   336/499     4.82G   0.02561  0.007653  0.002374   0.03564         8       640    0.4746    0.5121    0.4478    0.2354   0.05076   0.01666   0.01326
   337/499     4.82G    0.0259   0.00784  0.002376   0.03612        18       640    0.4717     0.513    0.4457    0.2351   0.05075   0.01667   0.01326
   338/499     4.82G   0.02574  0.007632  0.002471   0.03585        21       640    0.4724    0.5121    0.4455    0.2352   0.05074   0.01668   0.01326
   339/499     4.82G   0.02532  0.007827  0.002557    0.0357        28       640    0.4767    0.5085    0.4444    0.2349   0.05073   0.01668   0.01326
   340/499     4.82G   0.02547  0.007632   0.00233   0.03543        14       640    0.4765     0.508    0.4457    0.2349   0.05072   0.01669   0.01326
   341/499     4.82G   0.02544  0.007727   0.00255   0.03572        19       640    0.4777    0.5067    0.4439    0.2349   0.05072    0.0167   0.01327
   342/499     4.82G   0.02545  0.007647   0.00227   0.03537        30       640    0.4781    0.5064    0.4437    0.2347   0.05071    0.0167   0.01327
   343/499     4.82G   0.02531  0.007671  0.002273   0.03526        14       640    0.4769    0.5098    0.4438    0.2346   0.05071   0.01671   0.01328
   344/499     4.82G   0.02582    0.0077   0.00249   0.03601        26       640    0.4773    0.5098    0.4455     0.235    0.0507   0.01672   0.01328
   345/499     4.82G   0.02508  0.007683  0.002229   0.03499        19       640    0.4777    0.5062    0.4455     0.235    0.0507   0.01673   0.01328
   346/499     4.82G   0.02532  0.007738  0.002356   0.03542        21       640     0.479    0.5052    0.4434    0.2349   0.05069   0.01674   0.01328
   347/499     4.82G   0.02507  0.007567  0.002376   0.03501        21       640    0.4788    0.5056    0.4436    0.2343   0.05069   0.01674   0.01328
   348/499     4.82G   0.02544   0.00778  0.002326   0.03555        17       640    0.4836    0.4997    0.4432    0.2344   0.05068   0.01675   0.01328
   349/499     4.82G   0.02513  0.007545   0.00232     0.035        14       640    0.4815    0.5023     0.443    0.2343   0.05068   0.01676   0.01328
   350/499     4.82G   0.02528  0.007706  0.002443   0.03543        18       640    0.4801    0.5029    0.4426    0.2341   0.05067   0.01677   0.01328
   351/499     4.82G   0.02511  0.007464  0.002332   0.03491        19       640     0.478    0.5032    0.4427    0.2343   0.05067   0.01678   0.01328
   352/499     4.82G   0.02497  0.007619   0.00236   0.03495        12       640    0.4754    0.5054    0.4428    0.2342   0.05067   0.01678   0.01329
   353/499     4.82G   0.02452  0.007486  0.002138   0.03415         8       640    0.4732    0.5092    0.4425     0.234   0.05066   0.01679   0.01329
   354/499     4.82G   0.02484  0.007581  0.002268   0.03469        14       640    0.4743    0.5088     0.442    0.2342   0.05066    0.0168   0.01329
   355/499     4.82G   0.02497  0.007447  0.002388    0.0348        13       640    0.4743    0.5085    0.4408    0.2343   0.05066   0.01681   0.01329
   356/499     4.82G   0.02472  0.007565  0.002317   0.03461        18       640    0.4723    0.5097    0.4408    0.2345   0.05066   0.01682    0.0133
   357/499     4.82G   0.02481   0.00748  0.002218   0.03451        25       640    0.4716    0.5101    0.4407    0.2345   0.05065   0.01683   0.01331
   358/499     4.82G   0.02511  0.007636  0.002341   0.03508        15       640     0.472    0.5085    0.4409    0.2349   0.05064   0.01684   0.01331
   359/499     4.82G   0.02417  0.007557   0.00211   0.03384        13       640    0.4714    0.5085    0.4409    0.2347   0.05064   0.01685   0.01331
   360/499     4.82G   0.02455  0.007359  0.002204   0.03411         7       640    0.4702    0.5082    0.4406    0.2346   0.05063   0.01685   0.01331
   361/499     4.82G   0.02502  0.007551  0.002251   0.03482        21       640    0.4757    0.5003     0.441    0.2352   0.05063   0.01686   0.01331
   362/499     4.82G   0.02447  0.007554  0.002277    0.0343        19       640     0.477    0.4999     0.441    0.2345   0.05063   0.01687   0.01332
   363/499     4.82G   0.02448  0.007562  0.002215   0.03426        19       640    0.4792    0.4981    0.4409    0.2348   0.05062   0.01688   0.01332
   364/499     4.82G   0.02468  0.007476  0.002263   0.03442        17       640    0.4812     0.498    0.4407    0.2353   0.05062   0.01688   0.01331
   365/499     4.82G   0.02424  0.007512  0.002228   0.03398        12       640    0.4806    0.4987    0.4403     0.235   0.05062   0.01689   0.01331
   366/499     4.82G    0.0241  0.007456  0.002166   0.03372        18       640    0.4791    0.4992     0.441    0.2356   0.05061    0.0169   0.01331
   367/499     4.82G   0.02461  0.007451  0.002373   0.03443        14       640    0.4889    0.4904    0.4407    0.2355   0.05061    0.0169   0.01331
   368/499     4.82G   0.02431  0.007441  0.002113   0.03386        27       640    0.4877    0.4912    0.4405    0.2355    0.0506   0.01692   0.01331
   369/499     4.82G   0.02429  0.007584  0.002387   0.03426        26       640    0.4889    0.4887    0.4409    0.2357   0.05059   0.01692   0.01331
   370/499     4.82G   0.02411  0.007368  0.002209   0.03369        14       640    0.4885    0.4892    0.4407    0.2355   0.05059   0.01693   0.01331
   371/499     4.82G   0.02439  0.007358  0.002137   0.03388        18       640    0.4878    0.4907    0.4405    0.2355   0.05058   0.01694   0.01331
   372/499     4.82G   0.02409  0.007272  0.002253   0.03362        16       640    0.4842    0.4944    0.4405    0.2354   0.05058   0.01694   0.01331
   373/499     4.82G    0.0243  0.007263  0.002293   0.03386        21       640    0.4831    0.4944    0.4405    0.2355   0.05058   0.01695   0.01331
   374/499     4.82G   0.02374  0.007347  0.002076   0.03317        25       640    0.4858    0.4924    0.4411    0.2354   0.05057   0.01696   0.01331
   375/499     4.82G   0.02415  0.007397  0.002076   0.03362        24       640      0.49    0.4872    0.4409    0.2354   0.05057   0.01697   0.01331
   376/499     4.82G   0.02389  0.007314  0.002126   0.03333        12       640    0.4888    0.4888    0.4411    0.2354   0.05057   0.01697   0.01331
   377/499     4.82G   0.02394  0.007343  0.002284   0.03356        22       640    0.4894    0.4889     0.441    0.2355   0.05057   0.01698   0.01331
   378/499     4.82G   0.02411  0.007278  0.002255   0.03364         9       640      0.49    0.4878    0.4411    0.2349   0.05057   0.01699   0.01331
   379/499     4.82G   0.02381  0.007225  0.002175   0.03321        17       640    0.4883    0.4897    0.4416    0.2346   0.05057   0.01699   0.01331
   380/499     4.82G   0.02427  0.007274   0.00209   0.03364        19       640    0.5015     0.481    0.4411    0.2343   0.05057     0.017   0.01331
   381/499     4.82G   0.02385  0.007311  0.002011   0.03317        11       640     0.503     0.481    0.4411    0.2341   0.05057     0.017   0.01331
   382/499     4.82G   0.02408   0.00735  0.002043   0.03347         9       640    0.5027    0.4813    0.4414    0.2343   0.05056   0.01701   0.01331
   383/499     4.82G   0.02392  0.007216   0.00213   0.03327        14       640    0.5051    0.4812    0.4414    0.2341   0.05055   0.01702   0.01331
   384/499     4.82G   0.02407  0.007265  0.002087   0.03342        18       640    0.5049    0.4803    0.4408    0.2343   0.05055   0.01703   0.01332
   385/499     4.82G   0.02384  0.007243  0.002372   0.03346         8       640    0.5042    0.4799    0.4405    0.2345   0.05055   0.01704   0.01332
   386/499     4.82G   0.02342  0.007224  0.002125   0.03277        18       640    0.4998    0.4826      0.44    0.2337   0.05055   0.01705   0.01332
   387/499     4.82G   0.02378  0.007189  0.002039   0.03301        21       640    0.4965     0.486    0.4405    0.2339   0.05055   0.01706   0.01332
   388/499     4.82G   0.02352  0.007114  0.002079   0.03271        16       640    0.5067     0.477    0.4401     0.234   0.05054   0.01706   0.01333
   389/499     4.82G   0.02352  0.007263  0.002098   0.03289        24       640    0.4913    0.4901      0.44    0.2339   0.05054   0.01707   0.01334
   390/499     4.82G   0.02368  0.007158  0.002096   0.03294        18       640    0.4962    0.4864    0.4401    0.2339   0.05053   0.01708   0.01334
   391/499     4.82G    0.0238  0.007247  0.001951     0.033        36       640    0.5078    0.4771    0.4401    0.2339   0.05053   0.01708   0.01334
   392/499     4.82G   0.02365  0.007217  0.002064   0.03294        12       640    0.4906    0.4905    0.4398    0.2337   0.05053   0.01709   0.01334
   393/499     4.82G    0.0235  0.007049  0.002083   0.03263        13       640    0.4959    0.4856    0.4399    0.2339   0.05053    0.0171   0.01335
   394/499     4.82G   0.02362  0.007143  0.002164   0.03293        19       640     0.496    0.4856    0.4402    0.2338   0.05052   0.01711   0.01335
   395/499     4.82G   0.02366  0.007068  0.002158   0.03289         9       640    0.4931    0.4882    0.4399    0.2334   0.05052   0.01711   0.01335
   396/499     4.82G   0.02337  0.007192  0.002091   0.03265        11       640    0.4782    0.5063    0.4398    0.2336   0.05052   0.01712   0.01335
   397/499     4.82G   0.02312  0.007033  0.002062   0.03221        16       640    0.4805    0.5054    0.4399    0.2334   0.05052   0.01713   0.01335
   398/499     4.82G   0.02343  0.007238   0.00192   0.03259        15       640    0.4808    0.5059    0.4399    0.2331   0.05051   0.01713   0.01336
   399/499     4.82G   0.02313  0.007097     0.002   0.03223        30       640    0.4804    0.5056    0.4397    0.2333   0.05051   0.01714   0.01336
   400/499     4.82G   0.02312  0.007152  0.001891   0.03216        11       640    0.4818    0.5057    0.4399    0.2334   0.05051   0.01715   0.01337
   401/499     4.82G   0.02323  0.007124  0.002045    0.0324        20       640    0.4823    0.5053    0.4398    0.2334    0.0505   0.01716   0.01337
   402/499     4.82G   0.02331  0.007161  0.001881   0.03235        18       640    0.4827     0.505    0.4401    0.2338    0.0505   0.01716   0.01337
   403/499     4.82G   0.02308  0.007082  0.002007   0.03217        30       640    0.4814    0.5053    0.4399    0.2334    0.0505   0.01717   0.01338
   404/499     4.82G   0.02296  0.007029  0.002004   0.03199        21       640    0.4895    0.4971    0.4396    0.2338    0.0505   0.01718   0.01338
   405/499     4.82G   0.02333  0.007117  0.001945    0.0324        25       640    0.4811    0.5059    0.4396    0.2333    0.0505   0.01719   0.01339
   406/499     4.82G   0.02316  0.007148    0.0019    0.0322        20       640    0.4816    0.5073    0.4395    0.2338    0.0505   0.01719   0.01339
   407/499     4.82G   0.02307  0.007063  0.001931   0.03207        22       640    0.4804    0.5083    0.4395    0.2336   0.05049    0.0172   0.01339
   408/499     4.82G   0.02296  0.006923  0.001919    0.0318        13       640    0.4807    0.5091    0.4389    0.2333   0.05049    0.0172    0.0134
   409/499     4.82G   0.02292  0.006941  0.001909   0.03177        12       640    0.4802    0.5093    0.4396    0.2337   0.05049   0.01721    0.0134
   410/499     4.82G   0.02306  0.006973  0.001896   0.03193        14       640    0.4816    0.5094    0.4397    0.2339   0.05049   0.01722   0.01341
   411/499     4.82G   0.02257  0.007033  0.002065   0.03167        20       640    0.4825    0.5094      0.44    0.2332   0.05049   0.01722   0.01341
   412/499     4.82G   0.02284  0.007003  0.001941   0.03179        13       640    0.4824    0.5089    0.4405    0.2338   0.05049   0.01724   0.01341
   413/499     4.82G    0.0227  0.007014  0.001772   0.03149        12       640    0.4826    0.5094    0.4404    0.2336   0.05049   0.01724   0.01341
   414/499     4.82G   0.02259  0.007011   0.00187   0.03147        15       640    0.4828    0.5092    0.4406    0.2335   0.05048   0.01725   0.01341
   415/499     4.82G   0.02244  0.007008  0.001792   0.03124        13       640    0.4825    0.5091    0.4407    0.2337   0.05048   0.01725   0.01341
   416/499     4.82G   0.02268  0.006953  0.001983   0.03161        17       640    0.4827    0.5089    0.4406    0.2337   0.05048   0.01726   0.01342
   417/499     4.82G   0.02284  0.007051  0.002006    0.0319        20       640    0.4826    0.5091    0.4408    0.2338   0.05048   0.01727   0.01342
   418/499     4.82G   0.02248  0.007064  0.001915   0.03146         6       640    0.4822    0.5091    0.4409    0.2337   0.05048   0.01728   0.01342
   419/499     4.82G   0.02295  0.006918   0.00187   0.03173         8       640    0.4852    0.5056    0.4406    0.2341   0.05048   0.01729   0.01342
   420/499     4.82G   0.02222  0.006932  0.001757   0.03091        13       640    0.4829    0.5089    0.4405    0.2342   0.05047   0.01729   0.01342
   421/499     4.82G   0.02279   0.00695  0.001812   0.03155        15       640    0.4839    0.5077    0.4409    0.2344   0.05047    0.0173   0.01343
   422/499     4.82G   0.02266  0.006865  0.001812   0.03133        19       640    0.4818    0.5083    0.4406    0.2344   0.05047   0.01731   0.01343
   423/499     4.82G   0.02263  0.006839   0.00177   0.03124        14       640    0.4852    0.5065    0.4405    0.2346   0.05047   0.01732   0.01343
   424/499     4.82G   0.02253  0.006886    0.0019   0.03132        18       640    0.4784    0.5131    0.4404    0.2345   0.05047   0.01732   0.01343
   425/499     4.82G    0.0224  0.006857  0.001881   0.03114        10       640    0.4796    0.5122    0.4405    0.2343   0.05047   0.01733   0.01344
   426/499     4.82G   0.02239   0.00696  0.001814   0.03116         7       640    0.4815    0.5117    0.4408    0.2344   0.05047   0.01735   0.01344
   427/499     4.82G   0.02246  0.006902  0.001771   0.03113        15       640    0.4816    0.5123    0.4406    0.2342   0.05047   0.01735   0.01345
   428/499     4.82G   0.02252  0.006817  0.001758   0.03109        21       640    0.4808    0.5147    0.4404    0.2336   0.05046   0.01736   0.01345
   429/499     4.82G   0.02213  0.006853  0.001647   0.03063        15       640    0.4802    0.5147      0.44    0.2343   0.05046   0.01736   0.01345
   430/499     4.82G   0.02233  0.006798  0.001796   0.03093        26       640    0.5035    0.4909      0.44    0.2342   0.05045   0.01737   0.01346
   431/499     4.82G   0.02214  0.006724  0.001932   0.03079        21       640    0.5041    0.4909    0.4415    0.2345   0.05045   0.01738   0.01346
   432/499     4.82G   0.02232  0.006786  0.001939   0.03105        34       640     0.483    0.5115    0.4413    0.2344   0.05044    0.0174   0.01347
   433/499     4.82G   0.02218  0.006779  0.001791   0.03075        18       640    0.5043    0.4899     0.442    0.2344   0.05044    0.0174   0.01348
   434/499     4.82G   0.02217  0.006856  0.002056   0.03108        14       640    0.5033    0.4903     0.442    0.2343   0.05044   0.01741   0.01348
   435/499     4.82G    0.0221   0.00679  0.001775   0.03066        19       640    0.5043    0.4903    0.4402    0.2339   0.05043   0.01742   0.01348
   436/499     4.82G   0.02226  0.006677  0.001854   0.03079        23       640    0.5054    0.4915    0.4414    0.2342   0.05043   0.01742   0.01349
   437/499     4.82G    0.0222    0.0069  0.001745   0.03085        10       640    0.5053    0.4904      0.44    0.2343   0.05042   0.01743   0.01349
   438/499     4.82G   0.02195  0.006752  0.001757   0.03046        29       640    0.5044    0.4921    0.4402    0.2346   0.05042   0.01744   0.01349
   439/499     4.82G   0.02202  0.006805    0.0018   0.03063        19       640     0.506    0.4913    0.4394    0.2345   0.05041   0.01745    0.0135
   440/499     4.82G   0.02224  0.006931  0.001956   0.03112        15       640    0.5032    0.4945    0.4389    0.2345   0.05041   0.01745    0.0135
   441/499     4.82G   0.02224  0.006875  0.001816   0.03093        23       640    0.5028    0.4941    0.4388    0.2344   0.05041   0.01746   0.01351
   442/499     4.82G   0.02202  0.006705  0.001849   0.03058        16       640    0.5033    0.4934    0.4388    0.2343   0.05041   0.01748   0.01352
   443/499     4.82G   0.02195  0.006789  0.001863    0.0306        10       640    0.5077    0.4897    0.4389    0.2342    0.0504   0.01748   0.01352
   444/499     4.82G   0.02214  0.006737  0.001969   0.03085        14       640    0.5036    0.4898    0.4382    0.2341   0.05041   0.01749   0.01352
   445/499     4.82G   0.02206  0.006712  0.001658   0.03043        22       640    0.5055    0.4874    0.4382    0.2339   0.05041    0.0175   0.01353
   446/499     4.82G   0.02157  0.006716  0.001706   0.02999        18       640    0.4999    0.4909    0.4375    0.2334    0.0504   0.01751   0.01353
   447/499     4.82G   0.02182  0.006574  0.001648   0.03004        26       640     0.474    0.5193    0.4375    0.2335    0.0504   0.01751   0.01353
   448/499     4.82G   0.02189  0.006789  0.001756   0.03043        12       640    0.4692    0.5179    0.4367    0.2335    0.0504   0.01753   0.01354
   449/499     4.82G   0.02212  0.006677  0.001706    0.0305        16       640    0.4929    0.4904     0.436    0.2333    0.0504   0.01753   0.01355
   450/499     4.82G   0.02176  0.006751  0.001606   0.03012        14       640    0.4694    0.5167    0.4362    0.2336    0.0504   0.01754   0.01355
   451/499     4.82G   0.02199  0.006775  0.001852   0.03062        28       640    0.5081    0.4774    0.4362    0.2335   0.05039   0.01755   0.01356
   452/499     4.82G   0.02204  0.006751  0.001703    0.0305        20       640     0.473    0.5109    0.4359    0.2334   0.05039   0.01755   0.01356
   453/499     4.82G   0.02156  0.006719   0.00174   0.03002        14       640    0.4729    0.5139    0.4363     0.233   0.05038   0.01757   0.01356
   454/499     4.82G   0.02201  0.006773  0.001857   0.03064        22       640    0.4734    0.5147    0.4359     0.233   0.05038   0.01757   0.01357
   455/499     4.82G   0.02169  0.006876  0.001719   0.03028        22       640    0.4738    0.5136    0.4364    0.2333   0.05038   0.01758   0.01357
   456/499     4.82G   0.02178  0.006713  0.001677   0.03017        21       640    0.4734    0.5132    0.4361    0.2332   0.05038   0.01758   0.01357
   457/499     4.82G   0.02168  0.006621  0.001788   0.03009        20       640    0.4746    0.5132     0.436     0.233   0.05037   0.01759   0.01358
   458/499     4.82G   0.02179  0.006698  0.001888   0.03038        17       640    0.4737    0.5136     0.436    0.2327   0.05036    0.0176   0.01359
   459/499     4.82G   0.02168  0.006623  0.001752   0.03005        18       640    0.4851    0.5025    0.4358    0.2327   0.05036   0.01761   0.01359
   460/499     4.82G   0.02157  0.006578  0.001698   0.02985        18       640    0.4861    0.5024    0.4355    0.2326   0.05035   0.01762    0.0136
   461/499     4.82G   0.02106  0.006566  0.001647   0.02927        14       640    0.4863    0.5021    0.4355    0.2327   0.05035   0.01762    0.0136
   462/499     4.82G   0.02151  0.006588  0.001601    0.0297        14       640    0.4816    0.5075    0.4352    0.2328   0.05034   0.01763   0.01361
   463/499     4.82G   0.02177  0.006728  0.001743   0.03024        15       640    0.4824    0.5083    0.4351    0.2331   0.05033   0.01764   0.01361
   464/499     4.82G   0.02128  0.006569  0.001632   0.02948        19       640    0.4823    0.5079    0.4354    0.2334   0.05033   0.01765   0.01362
   465/499     4.82G   0.02191  0.006622    0.0017   0.03023        13       640    0.4856    0.5043    0.4353     0.233   0.05033   0.01765   0.01362
   466/499     4.82G   0.02154  0.006561  0.001577   0.02968        14       640    0.4789    0.5122    0.4356    0.2337   0.05033   0.01765   0.01362
   467/499     4.82G   0.02141   0.00669  0.001836   0.02994        13       640    0.4902    0.5033    0.4359    0.2334   0.05032   0.01767   0.01363
   468/499     4.82G   0.02125   0.00662  0.001649   0.02952        14       640     0.486    0.5077    0.4356     0.233   0.05032   0.01767   0.01363
   469/499     4.82G   0.02104  0.006494  0.001567    0.0291         6       640    0.4862    0.5071    0.4358    0.2332   0.05032   0.01768   0.01364
   470/499     4.82G    0.0212  0.006607  0.001601   0.02941        15       640     0.485    0.5074    0.4356    0.2334   0.05031   0.01769   0.01365
   471/499     4.82G   0.02131   0.00658  0.001716   0.02961        17       640    0.4812    0.5104    0.4355    0.2332    0.0503    0.0177   0.01365
   472/499     4.82G   0.02084  0.006558  0.001838   0.02924        13       640    0.4854    0.5074    0.4354    0.2326    0.0503   0.01771   0.01365
   473/499     4.82G   0.02138  0.006456  0.001648   0.02948        16       640    0.4827    0.5101     0.435    0.2323   0.05029   0.01771   0.01366
   474/499     4.82G   0.02132  0.006567   0.00163   0.02952        20       640    0.4825    0.5098     0.435    0.2323   0.05029   0.01773   0.01366
   475/499     4.82G   0.02103  0.006559  0.001748   0.02934        32       640     0.483    0.5094    0.4352    0.2321   0.05029   0.01774   0.01367
   476/499     4.82G    0.0211  0.006539  0.001561    0.0292        21       640    0.4798    0.5134    0.4353    0.2324   0.05029   0.01774   0.01367
   477/499     4.82G   0.02135  0.006607  0.001558   0.02952        14       640    0.4803    0.5136     0.435    0.2321   0.05028   0.01774   0.01367
   478/499     4.82G   0.02126   0.00659  0.001483   0.02933         7       640     0.482    0.5156    0.4383    0.2329   0.05028   0.01775   0.01367
   479/499     4.82G    0.0215  0.006633  0.001645   0.02978        18       640     0.482    0.5157    0.4382    0.2328   0.05028   0.01776   0.01368
   480/499     4.82G   0.02134  0.006669  0.001683   0.02969        14       640    0.4806     0.515    0.4383    0.2329   0.05028   0.01777   0.01368
   481/499     4.82G   0.02133  0.006511  0.001481   0.02932        24       640    0.4764    0.5187    0.4382    0.2327   0.05028   0.01779   0.01369
   482/499     4.82G   0.02138  0.006453  0.001817   0.02964         8       640    0.4794    0.5181    0.4378    0.2322   0.05027   0.01779   0.01369
   483/499     4.82G   0.02125   0.00657   0.00169   0.02951        13       640    0.4779    0.5187    0.4385    0.2326   0.05027    0.0178   0.01369
   484/499     4.82G   0.02133  0.006499  0.001722   0.02955        32       640    0.4798    0.5206    0.4396     0.233   0.05027   0.01781    0.0137
   485/499     4.82G   0.02077  0.006491  0.001488   0.02875        30       640      0.48    0.5201    0.4393    0.2328   0.05027   0.01782    0.0137
   486/499     4.82G   0.02156  0.006501  0.001721   0.02978        21       640    0.4794    0.5201    0.4392     0.233   0.05026   0.01782   0.01371
   487/499     4.82G   0.02124   0.00651  0.001541   0.02929        15       640    0.4851    0.5153    0.4393    0.2328   0.05026   0.01783   0.01371
   488/499     4.82G   0.02101   0.00643  0.001529   0.02897        26       640     0.485    0.5147    0.4393    0.2331   0.05026   0.01784   0.01371
   489/499     4.82G   0.02134   0.00646  0.001646   0.02944        23       640      0.48    0.5207    0.4389     0.233   0.05025   0.01784   0.01371
   490/499     4.82G   0.02102  0.006468  0.001597   0.02909        21       640    0.4797    0.5213    0.4391    0.2333   0.05024   0.01786   0.01371
   491/499     4.82G   0.02089  0.006606  0.001594   0.02909        17       640    0.4864    0.5118    0.4391    0.2326   0.05024   0.01786   0.01372
   492/499     4.82G    0.0214  0.006485  0.001626   0.02952        11       640    0.4864    0.5121    0.4392    0.2327   0.05024   0.01787   0.01372
   493/499     4.82G   0.02075  0.006518  0.001527   0.02879        14       640    0.4809    0.5175    0.4387    0.2327   0.05023   0.01788   0.01373
   494/499     4.82G   0.02062  0.006405  0.001701   0.02873        26       640    0.4809    0.5171    0.4387    0.2328   0.05023   0.01789   0.01373
   495/499     4.82G   0.02116  0.006499  0.001598   0.02926        26       640    0.4814    0.5162     0.439    0.2329   0.05023   0.01789   0.01373
   496/499     4.82G   0.02129    0.0065  0.001687   0.02947        17       640    0.4841    0.5098    0.4389    0.2331   0.05023    0.0179   0.01374
   497/499     4.82G   0.02081  0.006453  0.001486   0.02875        16       640    0.4833    0.5106    0.4389    0.2326   0.05023    0.0179   0.01375
   498/499     4.82G   0.02115  0.006381  0.001698   0.02923        24       640    0.4746    0.5195    0.4388    0.2328   0.05023   0.01792   0.01375
   499/499     4.82G   0.02086  0.006491  0.001631   0.02899         8       640    0.4806    0.5115    0.4386    0.2332   0.05023   0.01792   0.01376
