     0/299     3.45G    0.0726   0.01989   0.01845    0.1109        22       640    0.4214    0.1042   0.05964   0.01302   0.08687   0.02967   0.01708
     1/299     3.46G   0.05952   0.01463    0.0115   0.08565        27       640    0.6266    0.2407     0.233   0.07014   0.09272   0.02268   0.01526
     2/299     4.05G   0.05814   0.01199   0.01034   0.08047        45       640    0.5229    0.1457     0.114   0.02596    0.1007   0.02314   0.01431
     3/299     4.05G   0.06543   0.01351   0.01088   0.08981        21       640    0.8404    0.1364    0.1554   0.05773   0.09179   0.02589   0.01439
     4/299     4.05G   0.06014   0.01457   0.01029     0.085        28       640    0.8511   0.08127   0.08913   0.02037   0.09138   0.02645   0.01171
     5/299     4.05G   0.06175   0.01424   0.01001   0.08601        22       640    0.7843   0.07438   0.06475   0.02297   0.09536   0.02785   0.01248
     6/299     4.05G   0.06002   0.01424   0.01054   0.08479        27       640    0.8095    0.1185    0.1096   0.04522   0.08956   0.02807   0.01037
     7/299     4.05G   0.05152   0.01562  0.009101   0.07624        25       640     0.905    0.1624     0.198   0.08829    0.0825   0.02714   0.01009
     8/299     4.05G   0.05042   0.01499  0.009064   0.07447        19       640    0.8861    0.1391    0.1522   0.06954   0.08491   0.02899   0.01112
     9/299     4.05G   0.04674    0.0151  0.007696   0.06953        18       640    0.2535    0.1928    0.1991   0.09997   0.08116    0.1021   0.01111
    10/299     4.05G   0.04418    0.0145  0.007703   0.06638        25       640    0.3037    0.4508    0.4148    0.2149   0.07779   0.02643  0.009451
    11/299     4.05G   0.04249   0.01443  0.007368   0.06429        33       640     0.296    0.4192    0.3573    0.1948   0.07773   0.02562  0.008948
    12/299     4.05G   0.03962   0.01415   0.00727   0.06105        37       640     0.828    0.2752    0.3525    0.1906   0.07728   0.02498  0.008893
    13/299     4.05G   0.03811   0.01353  0.007902   0.05954        63       640    0.7919    0.3368    0.4402    0.2443   0.07361   0.02474  0.009003
    14/299     4.05G   0.03654   0.01368  0.006464   0.05669        15       640     0.855     0.337     0.436    0.2429    0.0744   0.02426  0.009379
    15/299     4.05G   0.03736   0.01411  0.006884   0.05835        15       640      0.34    0.4619      0.39    0.2212   0.07432   0.02535  0.008757
    16/299     4.05G   0.03686   0.01282  0.006522    0.0562        26       640     0.654    0.3218    0.3246    0.1898   0.07286   0.02611   0.01028
    17/299     4.05G   0.03713    0.0129  0.006138   0.05617        12       640    0.5553    0.5271    0.5228    0.3145   0.07218   0.02477  0.008241
    18/299     4.05G   0.03565   0.01258  0.005536   0.05376        18       640    0.5163    0.5642    0.5068    0.3095   0.07116   0.02558  0.008616
    19/299     4.05G   0.03541   0.01314   0.00591   0.05445        83       640    0.5764    0.5413    0.5524    0.3301   0.07121   0.02523  0.008632
    20/299     4.05G   0.03397   0.01274  0.005836   0.05255        18       640    0.6505    0.5064    0.5262    0.3135   0.07016   0.02555  0.008444
    21/299     4.05G   0.03335   0.01234  0.005454   0.05114        23       640    0.6192    0.5183    0.4636     0.265    0.0684   0.02562  0.008108
    22/299     4.05G   0.03308   0.01222  0.005046   0.05034        32       640    0.7815    0.5064    0.5689    0.3539   0.06572   0.02589  0.007877
    23/299     4.05G   0.03285   0.01158  0.004932   0.04936        22       640    0.7704    0.5105     0.568     0.359   0.06497   0.02581  0.007802
    24/299     4.05G   0.03257   0.01186  0.005559   0.04999        10       640    0.7775    0.5023    0.5632    0.3459   0.06274   0.02693  0.007642
    25/299     4.05G   0.03258   0.01161  0.004737   0.04893        33       640    0.7632    0.5091    0.5513    0.3495   0.06269    0.0268  0.007695
    26/299     4.05G   0.03167   0.01118  0.004317   0.04717        25       640    0.7967    0.5842    0.6196    0.4004   0.06265   0.02597  0.007292
    27/299     4.05G   0.03114   0.01064  0.004491   0.04627        28       640    0.8362    0.5042    0.5784    0.3606   0.06104   0.02671   0.00755
    28/299     4.05G   0.03114   0.01194   0.00423   0.04731        40       640    0.8394    0.5277    0.6204    0.3832   0.06249   0.02596  0.007172
    29/299     4.05G   0.03105   0.01077   0.00381   0.04563        41       640    0.7659    0.5601    0.6333    0.4055   0.06327   0.02593  0.006953
    30/299     4.05G   0.03058   0.01045  0.004134   0.04516        21       640    0.8269    0.5883     0.669    0.4076   0.06347   0.02571  0.006953
    31/299     4.05G   0.03008   0.01099  0.004006   0.04507        28       640    0.8374    0.5764     0.654    0.4154   0.06178   0.02592  0.006805
    32/299     4.05G   0.03025    0.0105  0.003639   0.04438        14       640    0.8952    0.5721    0.6876    0.4505   0.06304   0.02555  0.006618
    33/299     4.05G   0.03016  0.009799  0.003972   0.04393        22       640     0.838    0.5703    0.6803    0.4239    0.0647   0.02674  0.007242
    34/299     4.05G   0.02957   0.01013  0.003713   0.04341        26       640    0.9101    0.5617    0.6918     0.466   0.06349   0.02633  0.007131
    35/299     4.05G   0.02906   0.01026  0.003443   0.04276        28       640    0.7316    0.6218    0.6423    0.4226   0.06416   0.02565  0.006602
    36/299     4.05G   0.02959   0.01028  0.003392   0.04326        25       640    0.8919    0.5684    0.6697    0.4351   0.06348   0.02567  0.006359
    37/299     4.05G   0.02898  0.009809  0.003876   0.04266        21       640    0.8422    0.5592    0.6661    0.4463   0.06345   0.02581  0.006925
    38/299     4.05G   0.02845   0.01013  0.003458   0.04204        13       640    0.6898    0.7253    0.7215    0.4772   0.06384    0.0256  0.006582
    39/299     4.05G   0.02847  0.009295  0.002991   0.04076        27       640    0.8248    0.6217    0.6691    0.4427   0.06338   0.02509  0.006684
    40/299     4.05G   0.02817   0.01021  0.003303   0.04169        18       640     0.699    0.6364    0.6491    0.4332    0.0627   0.02563  0.006741
    41/299     4.05G   0.02893  0.009427  0.003051   0.04141        55       640    0.6592    0.6035    0.5868    0.3889   0.06302   0.02786  0.007092
    42/299     4.05G   0.02761  0.009565  0.003097   0.04027        16       640    0.7077    0.7058    0.6717    0.4551   0.06319   0.02534  0.006391
    43/299     4.05G   0.02799   0.01042  0.002643   0.04106        23       640    0.8186    0.5869    0.7147    0.4699   0.06236   0.02556  0.006276
    44/299     4.05G   0.02844  0.009718  0.002884   0.04104        24       640    0.7637    0.7341    0.7206    0.4741   0.06127   0.02524  0.006411
    45/299     4.05G   0.02769  0.009988  0.002889   0.04057        22       640    0.6329    0.7439    0.6795    0.4448   0.06023   0.02574  0.006324
    46/299     4.05G   0.02784  0.009493   0.00297    0.0403        56       640    0.7609    0.6074    0.6824    0.4335   0.05875    0.0273  0.006577
    47/299     4.05G    0.0284   0.00965  0.002579   0.04063        22       640    0.7102    0.6163    0.6698    0.4314   0.06004   0.02674  0.006241
    48/299     4.05G   0.02753  0.009892  0.002968   0.04039        39       640    0.7903    0.6876    0.7298    0.4813   0.05844   0.02581  0.005994
    49/299     4.05G   0.02844   0.01014  0.002793   0.04137        35       640    0.6409    0.7233    0.6788    0.4461   0.05617   0.02633  0.006411
    50/299     4.05G   0.02818  0.009681  0.002521   0.04038        37       640    0.7548    0.7232    0.6895    0.4535   0.05585   0.02582   0.00621
    51/299     4.05G   0.02701  0.009096  0.002406   0.03851        25       640    0.7379    0.7402    0.7238    0.4939    0.0556   0.02572  0.005937
    52/299     4.05G   0.02817  0.009446  0.002245   0.03987        26       640    0.7006     0.748    0.7048     0.454   0.05635   0.02612  0.006192
    53/299     4.05G   0.02692  0.009612  0.002454   0.03898        90       640    0.7578      0.71    0.7318    0.4525   0.05558   0.02582  0.006159
    54/299     4.05G    0.0269  0.008676  0.002376   0.03795        15       640    0.7744    0.7444    0.7283    0.4741   0.05394    0.0264  0.005993
    55/299     4.05G   0.02624   0.00933  0.002498   0.03807        14       640     0.779    0.6844    0.7177    0.4767   0.05436   0.02564  0.005645
    56/299     4.05G   0.02641  0.009177   0.00239   0.03797        41       640    0.8663    0.6279    0.7284    0.4699   0.05286   0.02631  0.005763
    57/299     4.05G   0.02627   0.00955  0.002295   0.03812        49       640    0.8525    0.6638    0.7188    0.4681   0.05331   0.02671  0.005752
    58/299     4.05G   0.02654  0.009176  0.002144   0.03786        21       640    0.8214    0.6998    0.7352    0.4924   0.05331   0.02545  0.005974
    59/299     4.05G   0.02604  0.009197  0.002199   0.03744        26       640    0.7972     0.715    0.7456    0.4868   0.05284   0.02533  0.005742
    60/299     4.05G   0.02607  0.009444  0.002287    0.0378        11       640     0.799    0.7174    0.7321    0.4978    0.0513   0.02696  0.005479
    61/299     4.05G    0.0256  0.009785   0.00209   0.03747        42       640    0.7205    0.7408    0.7161    0.4721   0.05147   0.02601  0.005268
    62/299     4.05G     0.026  0.009545  0.001992   0.03754        13       640    0.8607    0.6548    0.7209    0.4683   0.05101   0.02675  0.005501
    63/299     4.05G   0.02526  0.009389  0.002212   0.03686        25       640    0.8026    0.6734    0.7251    0.4691   0.05069   0.02617  0.005285
    64/299     4.05G   0.02529  0.009025   0.00192   0.03624        19       640    0.8503    0.6844    0.7351    0.4851   0.05052    0.0271  0.005507
    65/299     4.05G   0.02598  0.009372  0.001773   0.03713        23       640    0.8145    0.7417    0.7265    0.4892   0.05162   0.02726  0.005434
    66/299     4.05G   0.02509  0.009328  0.001641   0.03605        47       640    0.7836    0.7503    0.7572    0.4991   0.05134   0.02665   0.00528
    67/299     4.05G   0.02556  0.009116  0.001631   0.03631        17       640    0.8608    0.7184    0.7519    0.5044   0.05086   0.02663  0.005523
    68/299     4.05G   0.02527  0.008488  0.001841    0.0356        16       640    0.8749     0.748    0.7689     0.502   0.05072   0.02664  0.005223
    69/299     4.05G   0.02472  0.009043  0.001841    0.0356        15       640    0.8353    0.7534    0.7653    0.5062   0.04914   0.02677  0.005013
    70/299     4.05G   0.02498  0.008046  0.001561   0.03459        65       640    0.7728    0.7466     0.717     0.476   0.05003   0.02646  0.005626
    71/299     4.05G   0.02482   0.00871  0.001987   0.03552        56       640    0.6643     0.766    0.7095    0.4638   0.05068   0.02615  0.005344
    72/299     4.05G   0.02431  0.008409  0.001764   0.03448        25       640    0.7919    0.6982    0.7323    0.4742   0.05137   0.02602  0.005275
    73/299     4.05G   0.02497  0.008904  0.001815   0.03569        62       640    0.8112    0.7384    0.7166     0.462   0.05163   0.02612  0.005829
    74/299     4.05G   0.02441  0.008981  0.001684   0.03508        33       640    0.8381    0.7457    0.7403    0.4952    0.0517   0.02695  0.005104
    75/299     4.05G   0.02446  0.008744  0.001612   0.03482        43       640    0.7715    0.7768    0.7508    0.4912   0.05164    0.0262  0.004921
    76/299     4.05G   0.02433  0.008305   0.00124   0.03388        30       640    0.7481    0.8027     0.779    0.5128   0.05145   0.02605  0.004877
    77/299     4.05G   0.02413  0.008781  0.001611   0.03452        24       640    0.8696    0.7531     0.781     0.504   0.05079   0.02673  0.004772
    78/299     4.05G   0.02477  0.009069  0.001464   0.03531         9       640    0.8669     0.726    0.7776    0.5171   0.04972   0.02662  0.004972
    79/299     4.05G   0.02388   0.00838  0.001489   0.03375        15       640    0.8227     0.722    0.7416    0.4871   0.04897   0.02719   0.00537
    80/299     4.05G    0.0242  0.008546  0.001329   0.03408        23       640    0.7253    0.7731    0.7456     0.467   0.04914   0.02691  0.005054
    81/299     4.05G    0.0238  0.008206  0.001415   0.03342        17       640    0.8234    0.7914    0.7401    0.4777   0.04838    0.0269  0.005322
    82/299     4.05G    0.0244  0.008761  0.001301   0.03446        22       640    0.8399    0.7985    0.7819    0.4958   0.04845   0.02713    0.0051
    83/299     4.05G   0.02342   0.00803  0.001328   0.03278        18       640    0.8455    0.7993    0.8001    0.5205   0.04821   0.02686  0.004975
    84/299     4.05G   0.02384  0.008291  0.001149   0.03328        29       640    0.8959    0.7496    0.7981    0.5155   0.04834   0.02785  0.005045
    85/299     4.05G   0.02383  0.007954  0.001356   0.03314        16       640    0.8985    0.7388    0.7889    0.5038   0.04791   0.02714   0.00475
    86/299     4.05G   0.02416   0.00875  0.001504   0.03441        25       640    0.8839    0.7381    0.7782    0.5127   0.04849   0.02665  0.004832
    87/299     4.05G   0.02425   0.00884  0.001292   0.03438        11       640    0.7991    0.7501    0.7594    0.4924   0.04765   0.02713  0.004986
    88/299     4.05G   0.02334   0.00802   0.00119   0.03255        17       640    0.8279    0.8188    0.8114    0.5286   0.04712    0.0272  0.004912
    89/299     4.05G   0.02288  0.008165  0.001204   0.03225        28       640    0.8068    0.8031    0.7863    0.5105   0.04703   0.02683  0.005269
    90/299     4.05G   0.02293  0.008172  0.001158   0.03226        35       640     0.822    0.7577    0.7743    0.4899   0.04674   0.02682  0.005047
    91/299     4.05G   0.02395  0.009177  0.001355   0.03448        23       640    0.8501    0.7625    0.7899    0.5141   0.04682   0.02758  0.004959
    92/299     4.05G   0.02339  0.008273  0.001316   0.03298        97       640    0.8371    0.7535    0.7704    0.5185   0.04655   0.02775  0.004554
    93/299     4.05G   0.02261  0.008319  0.001426   0.03235        29       640    0.8532     0.743    0.7592    0.4867   0.04783   0.02724  0.004831
    94/299     4.05G   0.02346  0.008462  0.001313   0.03323        39       640    0.8479    0.7561    0.7858    0.5175   0.04612   0.02789   0.00473
    95/299     4.05G   0.02371  0.008289  0.001266   0.03326        48       640    0.8574    0.7519    0.7812    0.5239   0.04636   0.02719  0.004867
    96/299     4.05G   0.02282  0.009014  0.001275   0.03311        12       640    0.8615    0.7306     0.772    0.5074   0.04608   0.02832  0.005085
    97/299     4.05G   0.02271  0.008329  0.001153   0.03219        20       640     0.905    0.7437    0.8176    0.5331   0.04628   0.02757  0.004988
    98/299     4.05G   0.02292  0.008601  0.001252   0.03277        34       640    0.8782    0.7525    0.7972    0.5334   0.04569   0.02736  0.004668
    99/299     4.05G   0.02212  0.007926  0.001197   0.03124        37       640    0.8384    0.7614    0.7638    0.5102   0.04544   0.02792  0.005062
   100/299     4.05G   0.02241   0.00782  0.001047   0.03128        29       640    0.8863    0.7382    0.8055    0.5306   0.04578   0.02774  0.005213
   101/299     4.05G   0.02257  0.008391 0.0009963   0.03196        74       640    0.8346    0.7857     0.821    0.5297   0.04554   0.02814  0.004704
   102/299     4.05G   0.02271  0.007809  0.001044   0.03156        21       640    0.7839    0.8157      0.77     0.503   0.04551   0.02823  0.005045
   103/299     4.05G   0.02329   0.00844   0.00114   0.03287        10       640    0.8608     0.732    0.8089    0.5221   0.04601   0.02826  0.004796
   104/299     4.05G   0.02279  0.008603  0.001219   0.03261       139       640    0.9082    0.7516     0.804    0.5327   0.04611   0.02788  0.004897
   105/299     4.05G   0.02248  0.008204  0.001189   0.03187        29       640    0.8796    0.7581    0.7762    0.5085   0.04576   0.02777  0.004848
   106/299     4.05G   0.02228  0.008061  0.001073   0.03142        21       640    0.8223    0.7761    0.7509    0.4938   0.04536   0.02814  0.005042
   107/299     4.05G   0.02241  0.008664  0.001041   0.03211        25       640    0.8606    0.7519    0.7814    0.5172   0.04575   0.02776  0.005081
   108/299     4.05G   0.02228  0.007972 0.0009369   0.03119         6       640    0.8552    0.8251    0.8098    0.5228   0.04541   0.02803  0.004584
   109/299     4.05G    0.0221  0.007792 0.0009804   0.03088        24       640    0.9086    0.7599    0.8189     0.529   0.04541   0.02797   0.00478
   110/299     4.05G   0.02201  0.008224    0.0012   0.03144        17       640    0.8753    0.7689    0.7975    0.5095   0.04554   0.02843  0.004816
   111/299     4.05G   0.02238  0.008204  0.001051   0.03164        28       640    0.9082    0.7677    0.8326    0.5481   0.04474   0.02845  0.004656
   112/299     4.05G   0.02227  0.008078  0.001045    0.0314        43       640    0.8083     0.827    0.8227    0.5463   0.04499   0.02853  0.004782
   113/299     4.05G   0.02232  0.008552  0.001144   0.03202        40       640    0.8794    0.8154    0.8175    0.5305   0.04489    0.0285  0.004557
   114/299     4.05G   0.02231  0.008734  0.001023   0.03207        38       640    0.9024    0.7489    0.7883    0.5104     0.045   0.02812  0.004737
   115/299     4.05G   0.02143  0.008193  0.001054   0.03068        31       640    0.7711    0.7518    0.7492    0.4817   0.04468   0.02837  0.004761
   116/299     4.05G    0.0217  0.007955 0.0009293   0.03058        17       640    0.8826    0.7454    0.8087    0.5232   0.04452   0.02899  0.004944
   117/299     4.05G   0.02107  0.007263  0.000893   0.02922        30       640    0.8081     0.757    0.8079     0.516   0.04513     0.029  0.004436
   118/299     4.05G   0.02176  0.007984 0.0009334   0.03068        16       640    0.8332    0.7807     0.788    0.5047   0.04535   0.02845  0.004595
   119/299     4.05G   0.02171  0.008018  0.001165   0.03089        30       640    0.8728    0.7623    0.7739    0.4931   0.04463   0.02895  0.004587
   120/299     4.05G   0.02149    0.0077  0.001011    0.0302        48       640    0.8508    0.8067    0.8099    0.5127    0.0443   0.02966  0.004755
   121/299     4.05G   0.02123  0.007552  0.001062   0.02984        30       640     0.902    0.7439    0.8099     0.537   0.04361   0.02939  0.004763
   122/299     4.05G   0.02108  0.007949  0.000851   0.02989        18       640    0.9107     0.754    0.8018    0.5377   0.04355   0.02896   0.00435
   123/299     4.05G    0.0212  0.007861 0.0007306    0.0298        18       640    0.8812     0.792    0.8336    0.5499   0.04392   0.02942  0.004471
   124/299     4.05G   0.02117  0.007508  0.000887   0.02956        23       640    0.8999    0.8064    0.8231    0.5272   0.04348   0.02964  0.004717
   125/299     4.05G   0.02153  0.007695 0.0009781   0.03021        21       640    0.7787    0.8351    0.7966     0.503    0.0438   0.02869  0.004355
   126/299     4.05G   0.02098  0.007492 0.0008889   0.02937        25       640    0.8486    0.8067    0.8043    0.5204   0.04422   0.02879  0.004466
   127/299     4.05G   0.02068  0.007238 0.0008436   0.02876        13       640    0.8681    0.8039     0.812    0.5092   0.04379   0.02899  0.004496
   128/299     4.05G   0.02149  0.007555 0.0007276   0.02978        33       640    0.8931    0.7877    0.8001    0.5458   0.04314   0.02935  0.004596
   129/299     4.05G   0.02092  0.007478 0.0007421   0.02914        32       640    0.9085    0.7515    0.8006    0.5167   0.04338    0.0291  0.004231
   130/299     4.05G   0.02095  0.007594 0.0008641   0.02941        25       640    0.8646    0.7994    0.8061    0.5405   0.04329   0.02945  0.004149
   131/299     4.05G   0.02019  0.007254 0.0007912   0.02824        12       640    0.8488    0.8031    0.8035    0.5277    0.0431   0.02908  0.004386
   132/299     4.05G   0.02133  0.007973 0.0008781   0.03018        57       640    0.8671     0.788    0.8296    0.5366     0.043   0.02943   0.00429
   133/299     4.05G   0.02098  0.008008  0.001163   0.03015        34       640    0.9138    0.7431    0.8079    0.5304   0.04307   0.02917  0.004463
   134/299     4.05G   0.02077   0.00743 0.0008548   0.02905        20       640    0.8454    0.7531    0.7879    0.5106   0.04349   0.02914  0.004261
   135/299     4.05G   0.02079  0.007846 0.0008134   0.02945        17       640    0.8548    0.7982    0.8254    0.5378   0.04302   0.02948   0.00427
   136/299     4.05G   0.02033  0.007133 0.0006065   0.02807        30       640    0.9094    0.8067     0.829    0.5384    0.0428   0.02918  0.004407
   137/299     4.05G      0.02  0.007594 0.0008243   0.02842        20       640    0.9232     0.802    0.8159    0.5484   0.04287    0.0296  0.004669
   138/299     4.05G    0.0202  0.007521 0.0007472   0.02847        58       640    0.9001    0.8129    0.8207    0.5613   0.04284   0.02967  0.004414
   139/299     4.05G   0.02061  0.007807 0.0009127   0.02933        53       640    0.9039    0.8096    0.8175    0.5379   0.04289   0.03026  0.004393
   140/299     4.05G   0.02003  0.007543 0.0007806   0.02836        23       640    0.8817    0.7595    0.8043    0.5223   0.04225   0.03001  0.004364
   141/299     4.05G   0.02026  0.007327 0.0008833   0.02847        19       640    0.9078    0.8211    0.8232    0.5454    0.0423   0.03003  0.004048
   142/299     4.05G   0.02037    0.0078 0.0008041   0.02897        21       640     0.896    0.8374    0.8235    0.5522   0.04211    0.0295  0.003887
   143/299     4.05G   0.02016  0.007524 0.0009393   0.02862        39       640     0.806    0.7855    0.7851    0.5209    0.0421   0.02993  0.004341
   144/299     4.05G   0.01989  0.007302 0.0006072    0.0278        40       640    0.9145    0.7886     0.802     0.544   0.04209   0.02983  0.004239
   145/299     4.05G   0.02046  0.007726 0.0007436   0.02893        10       640      0.88    0.8121    0.8072    0.5404   0.04229   0.03018  0.004172
   146/299     4.05G   0.01991  0.007111 0.0006894   0.02771        19       640    0.8535     0.803    0.8173    0.5369   0.04182   0.02973  0.003891
   147/299     4.05G    0.0206  0.007476 0.0009861   0.02906        24       640    0.8075    0.7991    0.7884    0.4986   0.04214   0.03059  0.003935
   148/299     4.05G   0.01988  0.007157 0.0006971   0.02773        54       640    0.8068    0.8332    0.8142    0.5402    0.0422   0.02984  0.003686
   149/299     4.05G   0.01971  0.007106 0.0007115   0.02753        30       640    0.8116    0.8413     0.824    0.5243   0.04202   0.03063  0.003924
   150/299     4.05G   0.01999  0.007231 0.0006032   0.02782        30       640    0.8885    0.8149    0.8344    0.5361   0.04146   0.02999  0.003894
   151/299     4.05G    0.0196  0.007502 0.0007503   0.02785        53       640     0.848    0.8159    0.8116    0.5238   0.04142   0.03018  0.004175
   152/299     4.05G   0.01972  0.007575 0.0007647   0.02806        32       640     0.874    0.7611    0.8157    0.5169   0.04162   0.03044  0.004143
   153/299     4.05G   0.01926  0.007075 0.0005617    0.0269        17       640    0.8715     0.759    0.8002    0.5114   0.04173   0.03008  0.004071
   154/299     4.05G   0.01944  0.007122 0.0007167   0.02728        24       640    0.8464    0.7923    0.8115    0.5098   0.04132   0.03037  0.003997
   155/299     4.05G   0.01938  0.007706  0.000748   0.02783        38       640    0.8882    0.8135    0.8084    0.5394   0.04159   0.03008  0.004215
   156/299     4.05G   0.01942  0.007423 0.0007384   0.02758        35       640    0.9143    0.7981     0.811    0.5398   0.04131   0.03004  0.004286
   157/299     4.05G   0.01884  0.006909 0.0007977   0.02655        27       640    0.8338    0.8223    0.8221    0.5374   0.04123   0.03074  0.004171
   158/299     4.05G   0.01899  0.006818 0.0006208   0.02643        24       640    0.8702    0.8149    0.8155    0.5454   0.04107   0.03065  0.004244
   159/299     4.05G   0.01908  0.007275 0.0006988   0.02705        32       640       0.9    0.8062    0.8176    0.5496   0.04083    0.0305  0.004422
   160/299     4.05G   0.01922  0.007392 0.0007014   0.02731         8       640    0.9043    0.8089    0.8194    0.5317   0.04128   0.03072  0.004309
   161/299     4.05G   0.01917  0.007045 0.0006219   0.02684        16       640    0.9129    0.8158     0.822    0.5587   0.04064   0.03084  0.004246
   162/299     4.05G   0.01902  0.007219 0.0006287   0.02687        26       640    0.8966    0.8263    0.8363    0.5499   0.04081   0.02989  0.004264
   163/299     4.05G    0.0193  0.007036 0.0007848   0.02712        22       640    0.8793    0.8094    0.8261    0.5285   0.04109   0.03049  0.004311
   164/299     4.05G   0.01906  0.007392 0.0007993   0.02726        37       640    0.9081    0.8107    0.8234    0.5345   0.04089    0.0303   0.00397
   165/299     4.05G   0.01861  0.007005 0.0007201   0.02634        33       640    0.8876    0.7991    0.8136    0.5263    0.0409   0.03018  0.004336
   166/299     4.05G    0.0189  0.007044 0.0008143   0.02676        40       640    0.8823    0.8045    0.8274     0.548   0.04081    0.0305  0.003997
   167/299     4.05G   0.01856  0.006598 0.0006095   0.02577        26       640    0.8749    0.8213    0.8248     0.538   0.04137   0.03068   0.00407
   168/299     4.05G   0.01865  0.007299 0.0007126   0.02666        43       640    0.8967    0.8251    0.8227    0.5523   0.04078    0.0307  0.003926
   169/299     4.05G   0.01866  0.007115 0.0006592   0.02644        29       640    0.8849    0.8273    0.8214     0.539   0.04064    0.0307  0.004099
   170/299     4.05G   0.01877  0.006949 0.0006624   0.02639        18       640    0.8772    0.8053    0.8217    0.5573    0.0408   0.03046  0.004267
   171/299     4.05G   0.01885  0.007622 0.0007105   0.02718        28       640    0.8675    0.8185    0.7982    0.5318   0.04099   0.03051  0.004266
   172/299     4.05G   0.01815  0.006754   0.00068   0.02558        35       640    0.8425    0.8007    0.7861    0.5163   0.04065   0.03093  0.004718
   173/299     4.05G   0.01842  0.006908 0.0005828   0.02592        29       640    0.8638    0.7481    0.7733    0.5121   0.04094   0.03078  0.004501
   174/299     4.05G    0.0188   0.00685 0.0006432    0.0263        32       640    0.8797    0.7655    0.8126    0.5327   0.04086   0.03121  0.004123
   175/299     4.05G   0.01845  0.007018 0.0006605   0.02613        23       640    0.8962    0.7542    0.8003    0.5312   0.04075   0.03078  0.004066
   176/299     4.05G   0.01836  0.007177 0.0005157   0.02605        15       640    0.8387    0.7721    0.8028    0.5285   0.04059   0.03085  0.004084
   177/299     4.05G   0.01836  0.007259 0.0005888   0.02621        19       640    0.8729    0.7674    0.8047    0.5261   0.04054   0.03094  0.003851
   178/299     4.05G   0.01803  0.007379 0.0007114   0.02612        18       640    0.8594    0.8169    0.8184    0.5363   0.04036   0.03063  0.004229
   179/299     4.05G   0.01783   0.00677 0.0005228   0.02512        27       640    0.8518    0.8182    0.8278    0.5379   0.04062   0.03095  0.004228
   180/299     4.05G   0.01787   0.00682 0.0005994   0.02529        15       640    0.8664    0.8036    0.8219     0.538   0.04065    0.0315  0.004218
   181/299     4.05G   0.01818  0.006912 0.0006971   0.02579        24       640    0.8274    0.8117    0.8055    0.5273   0.04065   0.03157  0.004349
   182/299     4.05G   0.01748  0.006534 0.0006302   0.02464        29       640    0.8561    0.8134    0.8165    0.5223   0.04053   0.03156  0.004257
   183/299     4.05G   0.01788  0.006658 0.0005759   0.02512        26       640    0.8252    0.8198    0.7954    0.5157   0.04027   0.03136  0.004119
   184/299     4.05G   0.01786  0.007019 0.0005301   0.02541        21       640    0.8551    0.8094    0.8119    0.5293   0.04011   0.03117  0.004323
   185/299     4.05G   0.01773  0.006825 0.0005544   0.02511        16       640    0.8634    0.8489    0.8313    0.5428   0.04027    0.0313   0.00406
   186/299     4.05G   0.01747  0.006632 0.0007157   0.02482        88       640    0.8912    0.8199    0.8261    0.5271   0.04006   0.03129  0.004083
   187/299     4.05G   0.01765   0.00708 0.0004717    0.0252       125       640    0.8814    0.8241     0.825    0.5484   0.03996   0.03147  0.004139
   188/299     4.05G   0.01766  0.006526 0.0004541   0.02464        32       640    0.8372    0.8291    0.8173    0.5201    0.0404   0.03186  0.004103
   189/299     4.05G   0.01736  0.006497 0.0005606   0.02441        29       640    0.8365    0.8321    0.8021    0.5146   0.04035   0.03196  0.004256
   190/299     4.05G   0.01792  0.007207 0.0004719    0.0256        88       640     0.799    0.8457     0.806    0.5272   0.04034   0.03213  0.004272
   191/299     4.05G   0.01755  0.007083 0.0004766   0.02511        20       640    0.8074    0.8249    0.8003    0.5298   0.04045   0.03182  0.004262
   192/299     4.05G   0.01716  0.006957 0.0004987   0.02462        27       640    0.8577    0.8171    0.8156    0.5447   0.04017   0.03165  0.004384
   193/299     4.05G    0.0176  0.006603 0.0004638   0.02467        26       640    0.8925    0.8198    0.8082    0.5202    0.0404   0.03194  0.004384
   194/299     4.05G   0.01733  0.006782 0.0004296   0.02454        31       640    0.8679    0.8096    0.8051    0.5319   0.04015   0.03172  0.004352
   195/299     4.05G   0.01729  0.006932 0.0006543   0.02488        31       640    0.8432     0.808    0.7941    0.5191   0.04016   0.03146  0.004078
   196/299     4.05G    0.0172  0.006391 0.0004191   0.02401        48       640    0.8446    0.8122    0.8049    0.5299   0.04003   0.03207  0.004056
   197/299     4.05G   0.01706  0.006512 0.0005243    0.0241        40       640    0.8344    0.8208    0.8229    0.5469   0.03965   0.03178  0.004202
   198/299     4.05G   0.01723  0.006561   0.00071    0.0245        58       640    0.8512    0.8108    0.8067    0.5299   0.03987    0.0322  0.004284
   199/299     4.05G   0.01699  0.006796 0.0006713   0.02446        20       640    0.8921    0.7839    0.8269    0.5409   0.03977   0.03198  0.004273
   200/299     4.05G   0.01729  0.006521 0.0005405   0.02436        25       640       0.9    0.8108    0.8133    0.5291   0.03972   0.03204  0.004147
   201/299     4.05G   0.01713  0.006248 0.0005192   0.02389        20       640    0.9032    0.8067    0.8149    0.5279   0.03995   0.03208  0.003891
   202/299     4.05G   0.01702  0.006705  0.000473    0.0242        23       640    0.8798    0.8157    0.8197    0.5317   0.03988   0.03237  0.004079
   203/299     4.05G   0.01698  0.006751 0.0005595   0.02429        29       640    0.8996    0.8081    0.8205    0.5337   0.03987   0.03226  0.004099
   204/299     4.05G    0.0167  0.006662 0.0005384    0.0239        33       640    0.8645    0.8184    0.8198    0.5262   0.03975   0.03243  0.004092
   205/299     4.05G   0.01707  0.006843 0.0006231   0.02454        62       640    0.8744    0.8079    0.8388    0.5371   0.03992   0.03292  0.003938
   206/299     4.05G   0.01645  0.006432  0.000406   0.02329        29       640    0.8916    0.8259    0.8389    0.5449   0.03987   0.03281  0.003993
   207/299     4.05G   0.01654   0.00672 0.0005545   0.02382        10       640    0.8921    0.8114    0.8317    0.5462   0.03973   0.03262  0.003875
   208/299     4.05G   0.01685  0.006539 0.0004626   0.02385        41       640    0.8935    0.8094    0.8254    0.5206   0.03998   0.03304  0.003821
   209/299     4.05G   0.01694  0.006635 0.0004032   0.02398        41       640    0.8752    0.8117    0.8159    0.5262    0.0397   0.03312  0.003869
   210/299     4.05G    0.0167  0.006855  0.000535   0.02409        22       640    0.8856     0.812    0.8273    0.5462   0.03918   0.03318  0.003947
   211/299     4.05G   0.01641  0.006305 0.0003882    0.0231       155       640    0.8913    0.7858    0.8074    0.5268    0.0389   0.03372   0.00373
   212/299     4.05G   0.01645  0.006723 0.0004287   0.02361        26       640    0.8559    0.8196    0.7934    0.5218   0.03904   0.03372  0.003694
   213/299     4.05G   0.01626  0.006392 0.0006162   0.02327        22       640    0.8936    0.8037    0.8155     0.516   0.03919   0.03348  0.003893
   214/299     4.05G   0.01636  0.006602 0.0005171   0.02348        20       640    0.9235    0.7824    0.8406    0.5371   0.03941    0.0338  0.003894
   215/299     4.05G   0.01629  0.006442 0.0004145   0.02315        49       640    0.9221    0.8019     0.841    0.5494   0.03915   0.03362  0.003736
   216/299     4.05G   0.01588  0.006544 0.0004966   0.02292        58       640    0.8937    0.8108    0.8251    0.5354   0.03873   0.03317  0.003649
   217/299     4.05G   0.01627  0.006387 0.0004691   0.02313        14       640    0.8917    0.8226    0.8191    0.5338   0.03865   0.03363  0.003818
   218/299     4.05G   0.01589  0.006337 0.0005714    0.0228        39       640    0.9129    0.7883    0.8103    0.5269   0.03867   0.03345  0.003827
   219/299     4.05G   0.01609  0.006352 0.0004862   0.02293       118       640    0.8925    0.7644    0.8126     0.535   0.03889   0.03338  0.003596
   220/299     4.05G   0.01632  0.006001 0.0004519   0.02278        30       640    0.8664    0.8254    0.8298    0.5285   0.03888     0.033  0.003745
   221/299     4.05G   0.01626  0.006825 0.0005635   0.02365        51       640    0.8652    0.8218    0.8278    0.5367   0.03899   0.03338  0.003854
   222/299     4.05G   0.01614  0.006638 0.0005037   0.02328        26       640    0.8868    0.8171    0.8218    0.5334   0.03913   0.03349  0.003996
   223/299     4.05G   0.01607  0.006559 0.0004972   0.02313        43       640    0.8932    0.8133    0.8277    0.5295   0.03908   0.03339  0.003911
   224/299     4.05G   0.01623  0.006111 0.0005049   0.02285        37       640    0.9191    0.7494    0.8121    0.5323    0.0392   0.03371  0.003946
   225/299     4.05G   0.01606  0.006358 0.0003538   0.02277        22       640    0.8941    0.8002    0.8152    0.5228   0.03902   0.03343   0.00397
   226/299     4.05G   0.01594  0.006251 0.0005437   0.02273        20       640      0.92    0.7476    0.7986    0.5289   0.03894   0.03336  0.003935
   227/299     4.05G   0.01637  0.006543 0.0005388   0.02345        35       640    0.9198    0.8052    0.8215     0.527   0.03881   0.03361  0.003782
   228/299     4.05G   0.01608   0.00634 0.0003846   0.02281        47       640    0.9024    0.8108    0.8055    0.5163   0.03866   0.03397  0.003679
   229/299     4.05G   0.01603  0.006249 0.0006525   0.02293        45       640    0.9045     0.808    0.7947    0.5071    0.0388   0.03408  0.003941
   230/299     4.05G   0.01608  0.006431 0.0004721   0.02298        18       640    0.8878    0.8097    0.8039    0.5275   0.03875   0.03376  0.004061
   231/299     4.05G   0.01576  0.006857 0.0005139   0.02313        36       640    0.8862    0.8094    0.8147    0.5322   0.03876   0.03405  0.004035
   232/299     4.05G   0.01549  0.006556 0.0004369   0.02248        51       640      0.89      0.81    0.8216     0.533    0.0387   0.03372  0.004105
   233/299     4.05G   0.01578  0.006225 0.0003946    0.0224        44       640    0.9071    0.8014    0.8153    0.5379   0.03858   0.03375  0.004062
   234/299     4.05G   0.01586  0.006135 0.0005434   0.02254        46       640    0.9084    0.8016    0.8158    0.5198   0.03864   0.03397  0.003999
   235/299     4.05G    0.0158  0.006433 0.0005517   0.02278        25       640    0.8939    0.8108    0.8339    0.5393   0.03867   0.03383  0.003823
   236/299     4.05G    0.0155  0.006278 0.0005043   0.02228        21       640    0.8792    0.8131    0.8189    0.5255   0.03871   0.03389  0.003753
   237/299     4.05G   0.01524  0.006091 0.0004241   0.02175        29       640    0.8766    0.8121    0.8301    0.5352   0.03879   0.03388  0.003764
   238/299     4.05G    0.0157  0.006509 0.0003549   0.02256        30       640    0.8535    0.8207    0.8187    0.5174   0.03872   0.03399  0.003893
   239/299     4.05G   0.01535   0.00639 0.0004159   0.02215        23       640    0.8798    0.7604    0.8056    0.5166   0.03868   0.03389  0.003942
   240/299     4.05G   0.01557   0.00634 0.0003843    0.0223        48       640    0.8709    0.7619    0.8089    0.5224   0.03868   0.03385  0.003945
   241/299     4.05G   0.01532   0.00625 0.0004512   0.02202        16       640    0.8863    0.7607    0.8101    0.5236   0.03854   0.03371  0.003998
   242/299     4.05G   0.01547  0.006226  0.000432   0.02212        33       640    0.8863    0.7632      0.81    0.5279   0.03872   0.03375  0.004101
   243/299     4.05G   0.01492  0.005526 0.0004707   0.02092        26       640    0.8368    0.8177    0.8033    0.5249   0.03861   0.03377  0.004213
   244/299     4.05G   0.01523  0.006518 0.0003873   0.02213        36       640    0.8801    0.8061    0.8183    0.5421   0.03868   0.03377  0.004201
   245/299     4.05G   0.01534  0.006349 0.0003002   0.02199        26       640    0.8982     0.759    0.8043    0.5279   0.03867     0.034  0.004134
   246/299     4.05G   0.01523  0.006062 0.0003543   0.02165        25       640     0.833    0.8189    0.8048    0.5267   0.03878   0.03396   0.00408
   247/299     4.05G   0.01507  0.005871 0.0005195   0.02146         9       640    0.8824    0.8157    0.8253    0.5232   0.03901   0.03409   0.00404
   248/299     4.05G   0.01541  0.006452 0.0005014   0.02236        40       640    0.8346     0.824    0.8224    0.5356   0.03891   0.03428  0.004124
   249/299     4.05G   0.01503   0.00597 0.0003866   0.02139        26       640     0.851    0.8184    0.8292    0.5308   0.03873   0.03412  0.004018
   250/299     4.05G   0.01534   0.00608 0.0004325   0.02185        46       640    0.8903    0.8135     0.818    0.5343   0.03871   0.03415  0.004086
   251/299     4.05G    0.0151  0.006333 0.0003413   0.02177        11       640    0.8947    0.8162    0.8279    0.5414   0.03864   0.03399  0.004151
   252/299     4.05G     0.015  0.005926 0.0005153   0.02144        31       640     0.885    0.8167    0.8249    0.5253   0.03875   0.03414  0.004054
   253/299     4.05G   0.01472  0.006287 0.0003808   0.02139        24       640    0.8632    0.8234    0.8251    0.5429   0.03867    0.0343  0.003887
   254/299     4.05G   0.01502  0.005725 0.0004066   0.02115        27       640    0.8839    0.8159    0.8166    0.5312   0.03852   0.03425   0.00393
   255/299     4.05G   0.01512  0.006141 0.0005376    0.0218        17       640    0.8958    0.8149    0.8162     0.542   0.03846   0.03412  0.003884
   256/299     4.05G   0.01502  0.005777 0.0003324   0.02113        37       640    0.8732    0.8156    0.8179    0.5278   0.03848   0.03439  0.003771
   257/299     4.05G   0.01485  0.006065 0.0003782   0.02129        30       640      0.88    0.8118    0.8225    0.5383   0.03847   0.03443  0.003728
   258/299     4.05G   0.01494  0.005974 0.0004176   0.02133        33       640    0.8981    0.8149    0.8196    0.5378   0.03852   0.03455  0.003713
   259/299     4.05G   0.01473  0.006594 0.0003642   0.02169        45       640    0.8941    0.8085    0.8287    0.5423   0.03831   0.03429  0.003702
   260/299     4.05G   0.01499  0.006262 0.0004412   0.02169        12       640    0.8552    0.8276    0.8303    0.5373   0.03832   0.03458  0.003708
   261/299     4.05G   0.01507  0.006055 0.0003355   0.02146        13       640    0.8766     0.812     0.826    0.5343   0.03849   0.03476  0.003748
   262/299     4.05G   0.01503  0.006526 0.0003398   0.02189        59       640    0.8897     0.815    0.8271    0.5354    0.0384   0.03452  0.003671
   263/299     4.05G   0.01472   0.00607 0.0005201   0.02132        40       640     0.864     0.811    0.8181    0.5332   0.03834   0.03462  0.003693
   264/299     4.05G   0.01458  0.005901 0.0003459   0.02082        28       640    0.8685    0.8142    0.8117    0.5249   0.03851   0.03484   0.00375
   265/299     4.05G    0.0146  0.006273 0.0003869   0.02126        13       640    0.8753    0.8032    0.8126    0.5314   0.03854   0.03477  0.003842
   266/299     4.05G    0.0147  0.006437 0.0004798   0.02162        33       640    0.8632    0.8108    0.8118    0.5311   0.03849   0.03499  0.003891
   267/299     4.05G   0.01428  0.005594 0.0004904   0.02036        29       640    0.8803    0.8028    0.8167    0.5284   0.03862   0.03499  0.003874
   268/299     4.05G   0.01444   0.00567 0.0003778   0.02049        30       640    0.8765    0.8045    0.8132    0.5193   0.03843   0.03494  0.003836
   269/299     4.05G    0.0147  0.006384 0.0004236   0.02151        25       640    0.8906    0.7563    0.8004    0.5186   0.03844    0.0346  0.003775
   270/299     4.05G   0.01417  0.006243 0.0004061   0.02082        17       640    0.8671    0.8029    0.8185    0.5374   0.03834   0.03433  0.003689
   271/299     4.05G   0.01452  0.006081 0.0004875   0.02109        20       640    0.8691    0.8073    0.8293    0.5448    0.0384   0.03446  0.003698
   272/299     4.05G   0.01428  0.005732 0.0004174   0.02043        32       640    0.8904    0.8108    0.8383    0.5423   0.03846   0.03448  0.003603
   273/299     4.05G   0.01444  0.006223   0.00034   0.02101        30       640    0.9051    0.8135    0.8395    0.5438   0.03856   0.03473   0.00352
   274/299     4.05G   0.01429  0.005561 0.0004306   0.02028        19       640    0.9015    0.8106     0.841    0.5445   0.03842   0.03445  0.003516
   275/299     4.05G   0.01423  0.005636 0.0004231   0.02029         6       640    0.8968    0.8121    0.8387    0.5418   0.03839   0.03432    0.0036
   276/299     4.05G   0.01429  0.005716 0.0003331   0.02034        16       640    0.9004    0.8066    0.8327    0.5361   0.03853    0.0346  0.003762
   277/299     4.05G   0.01457  0.005898 0.0003579   0.02083        18       640    0.8994    0.8081    0.8224    0.5287   0.03856   0.03457    0.0037
   278/299     4.05G   0.01427  0.006148 0.0003392   0.02076        46       640     0.897    0.8067     0.816    0.5257   0.03847    0.0344  0.003708
   279/299     4.05G   0.01426  0.006358 0.0003153   0.02094        13       640    0.8969    0.8106    0.8176    0.5369   0.03837   0.03452  0.003678
   280/299     4.05G   0.01453  0.006378 0.0004276   0.02133        19       640    0.8812    0.8145    0.8225     0.537    0.0385   0.03466  0.003788
   281/299     4.05G   0.01416  0.006005 0.0004979   0.02066        84       640    0.8718    0.8149     0.824     0.546    0.0385   0.03473  0.003975
   282/299     4.05G   0.01412  0.006081 0.0004041    0.0206        19       640    0.8873    0.8142    0.8229    0.5426   0.03833   0.03475  0.004027
   283/299     4.05G   0.01419  0.005954 0.0003535   0.02049        16       640    0.8837     0.814    0.8264    0.5417   0.03836   0.03485  0.004175
   284/299     4.05G   0.01455  0.006115  0.000289   0.02095        13       640    0.8693    0.8167     0.824    0.5309   0.03842   0.03494  0.004183
   285/299     4.05G   0.01405  0.006149 0.0005107   0.02071        14       640    0.8588    0.8172    0.8245    0.5347   0.03841   0.03504  0.004018
   286/299     4.05G   0.01415  0.005619 0.0003316    0.0201        26       640    0.8999    0.8128    0.8206    0.5365   0.03824    0.0352  0.003961
   287/299     4.05G   0.01405  0.005922 0.0003878   0.02036        26       640      0.91    0.8107    0.8203    0.5274   0.03838   0.03515  0.003834
   288/299     4.05G   0.01406  0.005699 0.0004487   0.02021        17       640    0.9113    0.8105     0.818    0.5311   0.03848   0.03521  0.003847
   289/299     4.05G   0.01386  0.005821 0.0003316   0.02001        39       640     0.912    0.8108    0.8198    0.5377   0.03857   0.03519  0.003818
   290/299     4.05G   0.01418   0.00576 0.0002738   0.02022        74       640    0.9043    0.8121    0.8133    0.5284   0.03852   0.03541  0.003787
   291/299     4.05G   0.01357  0.005577 0.0004064   0.01955        17       640    0.8961    0.8151     0.818    0.5357   0.03848   0.03537  0.003806
   292/299     4.05G   0.01462  0.006264 0.0003769   0.02126        30       640    0.9007    0.8117    0.8198    0.5319    0.0386   0.03536  0.003818
   293/299     4.05G    0.0138  0.005515 0.0004855    0.0198        23       640    0.9052    0.8114    0.8136    0.5225   0.03846   0.03505  0.003859
   294/299     4.05G   0.01397  0.005962 0.0003181   0.02025        32       640    0.8846    0.8135     0.826    0.5313    0.0384   0.03512  0.003773
   295/299     4.05G   0.01385     0.006 0.0004204   0.02027        31       640    0.8878    0.8126    0.8188     0.523   0.03845   0.03527  0.003881
   296/299     4.05G   0.01406  0.005898 0.0003884   0.02035        38       640    0.8927    0.8108    0.8194    0.5268   0.03841   0.03503  0.003875
   297/299     4.05G   0.01361  0.005723 0.0003101   0.01964        54       640    0.9061    0.8095    0.8162    0.5248   0.03844   0.03491  0.003895
   298/299     4.05G   0.01381  0.005658  0.000338    0.0198        15       640     0.906    0.8054    0.8109    0.5156   0.03848   0.03511  0.003917
   299/299     4.05G   0.01394  0.005863 0.0003827   0.02018        26       640    0.8953     0.814    0.8145    0.5271   0.03853   0.03526  0.003871
